@CONVERTED_FROM_TEXT
@BIN=58=1,2
@BIN=102=3,4
@BIN=476=11,12
@BIN=347=5,6
@BIN=204=17,18
@BIN=129=9,10
@BIN=209=19,20
@BIN=63=7,8
@BIN=64=13,14
@BIN=32=15,16
@ITEM=1='(-inf-4.5337]'
@ITEM=2='(4.5337-inf)'
@ITEM=3='(-inf--0.1187]'
@ITEM=4='(-0.1187-inf)'
@ITEM=5='(-inf-6.95735]'
@ITEM=6='(6.95735-inf)'
@ITEM=7='(-inf-94.8757]'
@ITEM=8='(94.8757-inf)'
@ITEM=9='(-inf--0.6605]'
@ITEM=10='(-0.6605-inf)'
@ITEM=11='(-inf-137.44355]'
@ITEM=12='(137.44355-inf)'
@ITEM=13='(-inf-27.7182]'
@ITEM=14='(27.7182-inf)'
@ITEM=15='(-inf-94.39335]'
@ITEM=16='(94.39335-inf)'
@ITEM=17='(-inf-4999.2456]'
@ITEM=18='(4999.2456-inf)'
@ITEM=19='(-inf-23.075]'
@ITEM=20='(23.075-inf)'
2 4 5 7 10 11 13 15 17 19 <1199757720> -1 2 4 5 7 10 11 14 15 17 19 <1199771520> -1 0 -1 -2
2 4 5 7 10 11 13 15 17 19 <1199787600> -1 2 4 5 7 10 11 13 15 17 19 <1199787960> -1 2 4 5 7 10 11 13 15 17 19 <1199791680> -1 2 4 5 7 10 11 14 15 17 19 <1199795340> -1 2 4 5 7 10 11 13 15 17 19 <1199801220> -1 2 4 5 7 10 11 13 15 17 19 <1199805000> -1 2 3 5 7 10 11 13 15 17 19 <1199836860> -1 2 4 5 7 10 11 13 15 17 19 <1199839140> -1 2 4 5 7 10 11 13 15 17 19 <1199839500> -1 2 4 5 7 10 11 13 16 17 19 <1199839980> -1 2 4 5 7 10 11 13 15 17 19 <1199856540> -1 2 4 5 7 10 11 13 15 17 19 <1199856720> -1 1 4 5 7 10 11 13 15 17 19 <1199859120> -1 1 4 5 7 10 11 13 15 17 19 <1199859660> -1 1 4 5 7 10 11 13 15 17 19 <1199861520> -1 2 4 5 7 10 11 13 15 17 19 <1199866680> -1 2 4 5 7 10 11 13 15 17 19 <1199869560> -1 2 4 5 7 10 11 13 15 17 19 <1199870340> -1 2 4 5 7 10 11 13 15 17 19 <1199872440> -1 2 4 5 7 10 11 13 15 17 19 <1199876220> -1 2 4 5 7 10 11 13 15 17 19 <1199878800> -1 2 4 5 7 10 11 13 15 17 19 <1199895600> -1 2 4 5 7 10 12 14 16 18 19 <1199908440> -1 0 -1 -2
2 4 5 7 10 11 13 15 17 19 <1199911860> -1 2 4 5 7 10 11 13 15 17 19 <1199916300> -1 2 4 5 7 10 11 13 15 17 19 <1199919900> -1 2 4 5 7 10 11 13 15 17 19 <1199920740> -1 2 4 5 7 10 11 13 15 17 19 <1199921040> -1 2 4 5 7 10 11 13 15 17 19 <1199921280> -1 1 4 5 7 9 11 13 15 17 19 <1199921940> -1 1 4 5 7 10 11 13 15 17 19 <1199922300> -1 1 4 5 7 10 11 14 15 17 19 <1199923140> -1 1 4 5 7 9 11 13 15 17 19 <1199924400> -1 2 4 5 7 9 11 13 15 17 19 <1199927460> -1 2 4 5 7 9 11 13 15 17 19 <1199933580> -1 2 4 5 7 9 11 13 15 17 19 <1199944560> -1 0 -1 -2
1 4 5 7 10 11 13 15 17 19 <1199949540> -1 1 4 5 7 10 11 13 15 17 19 <1199950080> -1 1 4 5 7 10 11 13 15 17 19 <1199952900> -1 2 4 5 7 10 11 13 15 17 19 <1199956500> -1 2 4 5 7 10 11 13 15 17 19 <1199956560> -1 1 4 5 7 10 11 13 15 17 19 <1199974920> -1 2 4 5 7 10 11 13 15 17 19 <1199978160> -1 1 4 5 7 9 11 13 15 17 19 <1199983380> -1 1 3 5 7 10 11 13 15 17 19 <1199995020> -1 1 4 5 7 10 11 13 15 17 19 <1199999700> -1 1 4 5 7 10 11 13 15 17 19 <1200001800> -1 2 4 5 7 10 11 13 15 17 19 <1200005220> -1 1 4 5 7 10 11 13 15 17 19 <1200008040> -1 2 4 5 7 10 11 13 15 17 19 <1202441940> -1 1 4 5 7 9 11 13 15 17 19 <1202516760> -1 1 4 5 7 10 11 13 15 17 19 <1202517060> -1 2 4 5 7 10 11 13 15 17 19 <1202517960> -1 2 4 5 7 10 11 13 15 17 19 <1202519340> -1 1 4 5 7 10 11 13 15 17 19 <1202519400> -1 2 4 5 7 9 11 13 15 17 19 <1202519400> -1 2 4 5 7 10 11 13 15 17 19 <1202520960> -1 2 4 5 7 10 11 13 15 17 19 <1202521800> -1 2 4 5 7 10 11 13 15 17 19 <1202522520> -1 1 4 5 7 10 11 13 15 17 19 <1202523060> -1 2 4 5 7 10 11 13 15 17 19 <1202525400> -1 1 4 5 7 9 11 13 15 17 19 <1202525520> -1 1 4 5 7 10 11 13 15 17 19 <1202527980> -1 1 4 5 7 10 11 13 15 17 19 <1202528100> -1 2 4 5 7 10 11 13 15 17 19 <1202528100> -1 2 4 5 7 10 11 13 15 17 19 <1202530740> -1 1 4 5 7 10 11 13 15 17 19 <1202530920> -1 1 4 5 7 10 11 13 15 17 19 <1202535960> -1 1 4 5 7 10 11 13 15 17 19 <1202536980> -1 2 4 5 7 10 11 13 15 17 19 <1202537940> -1 1 4 5 7 10 11 13 15 17 19 <1202538720> -1 1 4 5 7 10 11 13 15 17 19 <1202539680> -1 2 4 5 7 9 11 13 15 17 19 <1202541720> -1 2 4 5 7 10 11 13 15 17 19 <1202542320> -1 2 4 5 7 10 11 13 15 17 19 <1202544900> -1 1 4 5 7 9 11 13 15 17 19 <1202547240> -1 2 4 5 7 10 11 13 15 17 19 <1202549760> -1 1 4 5 7 10 11 13 15 17 19 <1202549820> -1 1 4 5 7 10 11 13 15 17 19 <1202551980> -1 2 4 5 7 10 11 13 15 17 19 <1202552460> -1 1 4 5 7 10 11 13 15 17 19 <1202552700> -1 1 4 5 7 10 11 13 15 17 19 <1202553180> -1 2 4 5 7 10 11 13 15 17 19 <1202555280> -1 2 4 5 7 10 11 13 15 17 19 <1202556120> -1 1 4 5 7 10 11 13 15 17 19 <1202557620> -1 1 4 5 7 10 11 13 15 17 19 <1202557740> -1 2 4 5 7 10 11 13 15 17 19 <1202558460> -1 2 4 5 7 10 11 13 15 17 19 <1202559420> -1 2 4 5 7 10 11 13 15 17 19 <1202559960> -1 1 4 5 7 10 11 13 15 17 19 <1202560200> -1 2 4 5 7 10 11 13 15 17 19 <1202561040> -1 2 4 5 7 10 11 14 15 17 19 <1202562300> -1 2 4 5 7 10 11 13 15 17 19 <1202562480> -1 2 4 5 7 10 11 13 15 17 19 <1202563620> -1 1 4 5 7 10 11 13 15 17 19 <1202564400> -1 1 4 5 7 10 11 13 15 17 19 <1202566140> -1 2 4 5 7 10 11 13 15 17 19 <1202566860> -1 2 4 5 7 10 11 13 15 17 19 <1202567640> -1 1 4 5 7 10 11 13 15 17 19 <1202570940> -1 1 4 5 7 10 11 13 15 17 19 <1202573400> -1 1 4 5 7 10 11 13 15 17 19 <1202575800> -1 2 4 5 7 10 11 13 15 17 19 <1202576040> -1 1 4 5 7 10 11 13 15 17 19 <1202576280> -1 2 4 5 7 10 11 13 15 17 19 <1202577000> -1 1 4 5 7 10 11 13 15 17 19 <1202577480> -1 2 4 5 7 10 11 13 15 17 19 <1202582280> -1 1 4 5 7 10 11 13 15 17 19 <1202583120> -1 2 4 5 7 10 11 14 15 17 19 <1202584680> -1 2 4 5 7 10 11 13 15 17 19 <1202588280> -1 1 4 5 7 10 11 13 15 17 19 <1202590320> -1 2 4 5 7 10 11 13 15 17 19 <1202590680> -1 1 4 5 7 10 11 13 15 17 19 <1202590740> -1 1 4 5 7 10 11 13 15 17 19 <1202602860> -1 2 4 5 7 10 11 13 15 17 19 <1202602920> -1 2 4 5 7 10 11 13 15 17 19 <1202613420> -1 0 -1 -2
2 4 5 7 10 11 13 15 17 19 <1202614020> -1 2 4 5 7 10 11 13 15 17 19 <1202616660> -1 1 4 5 7 10 11 13 15 17 19 <1202617380> -1 1 4 5 7 10 11 13 15 17 19 <1202617440> -1 2 4 5 7 10 11 13 15 17 19 <1202626140> -1 1 4 5 7 10 11 13 15 17 19 <1202628900> -1 2 4 5 7 10 11 13 15 17 19 <1202630280> -1 1 4 5 7 10 11 13 15 17 19 <1202631840> -1 2 4 5 7 10 11 13 15 17 19 <1202633520> -1 2 4 5 7 10 11 13 15 17 19 <1202633820> -1 1 4 5 7 10 11 13 15 17 19 <1202634600> -1 0 -1 -2
2 4 5 7 10 11 13 15 17 19 <1202636520> -1 1 4 5 7 10 11 13 15 17 19 <1202637780> -1 2 4 5 7 10 11 13 15 17 19 <1202652420> -1 0 -1 -2
1 4 5 7 10 11 13 15 17 19 <1202652600> -1 0 -1 -2
2 4 5 7 10 11 13 15 17 19 <1202655240> -1 2 4 5 7 10 11 13 15 17 19 <1202656200> -1 1 4 5 7 9 11 13 15 17 19 <1202658240> -1 1 4 5 7 10 11 13 15 17 19 <1202659080> -1 2 4 5 7 10 11 13 15 17 19 <1202661120> -1 1 4 5 7 10 11 13 15 17 19 <1202662680> -1 1 4 5 7 10 11 13 15 17 19 <1202662800> -1 1 4 5 7 10 11 13 15 17 19 <1202663940> -1 1 4 5 7 10 11 13 15 17 19 <1202671260> -1 1 4 5 7 10 11 13 16 17 19 <1202671500> -1 2 4 5 7 10 11 13 15 17 19 <1202676840> -1 2 4 5 7 10 11 13 15 17 19 <1202679120> -1 0 -1 -2
1 4 5 7 10 11 13 15 17 19 <1202679180> -1 1 4 5 7 10 11 13 15 17 19 <1202682180> -1 1 4 5 7 10 11 13 15 17 19 <1202682780> -1 2 4 5 7 10 11 13 15 17 19 <1202686320> -1 2 4 5 7 10 11 13 15 17 19 <1202686320> -1 2 4 5 7 10 11 13 15 17 19 <1204981740> -1 2 4 5 7 10 11 13 15 17 19 <1204985160> -1 2 4 5 7 10 11 13 15 17 19 <1204986300> -1 2 4 5 7 10 11 13 15 17 19 <1204988580> -1 2 4 5 7 10 11 13 15 17 19 <1204990020> -1 2 4 5 7 10 11 14 15 17 19 <1204992000> -1 2 4 5 7 10 11 14 15 17 19 <1204995600> -1 2 4 5 7 10 11 13 15 17 19 <1204999080> -1 2 4 5 7 10 11 14 15 17 19 <1205007780> -1 2 4 5 7 10 11 13 15 17 19 <1205016720> -1 1 4 5 7 10 11 13 15 17 19 <1205021880> -1 1 4 5 7 10 11 13 15 17 19 <1205023500> -1 2 4 5 7 10 11 13 15 17 19 <1205024280> -1 2 4 5 7 10 11 13 15 17 19 <1205025300> -1 0 -1 -2
1 4 5 7 10 11 13 15 17 19 <1205026320> -1 2 4 5 7 10 11 13 15 17 19 <1205036280> -1 2 4 5 7 10 11 13 15 17 19 <1205043960> -1 2 3 5 7 10 11 13 15 17 19 <1205055480> -1 2 4 5 7 10 11 13 15 17 19 <1205072640> -1 2 4 5 7 10 11 13 15 17 19 <1205072940> -1 1 4 5 7 10 11 13 15 17 19 <1205083320> -1 2 4 5 7 10 11 13 15 17 19 <1205086560> -1 2 4 5 7 10 11 13 15 17 19 <1205086560> -1 2 4 5 7 10 11 13 15 17 19 <1205092800> -1 1 4 5 7 10 11 13 15 17 19 <1205093400> -1 2 4 5 7 10 11 13 15 17 19 <1205108640> -1 1 4 5 7 10 11 13 15 17 19 <1205110500> -1 1 4 5 7 10 11 13 15 17 19 <1205116860> -1 1 4 5 7 10 11 13 15 17 19 <1205121120> -1 1 4 5 7 10 11 13 15 17 19 <1205121360> -1 1 4 5 7 10 11 13 15 17 19 <1205124540> -1 2 4 5 7 10 11 13 15 17 19 <1205125260> -1 2 4 5 7 10 11 13 15 17 19 <1205127900> -1 1 4 5 7 10 11 13 15 17 19 <1205129700> -1 2 4 5 7 10 11 13 15 17 19 <1205138100> -1 1 4 5 7 9 11 13 15 17 19 <1205141400> -1 1 4 5 7 9 11 13 15 17 19 <1205149200> -1 2 4 5 7 9 11 13 15 17 19 <1205152260> -1 2 4 5 7 10 11 13 15 17 19 <1205174700> -1 2 4 5 7 10 11 13 15 17 19 <1205176980> -1 1 4 5 7 10 11 13 15 17 19 <1205176980> -1 1 4 5 7 10 11 13 15 17 19 <1205179860> -1 1 4 5 7 10 11 13 15 17 19 <1205180760> -1 1 4 5 7 10 11 13 15 17 19 <1205181300> -1 2 4 5 7 9 11 13 15 17 19 <1205181960> -1 1 4 5 7 9 11 13 15 17 19 <1205183700> -1 2 4 5 7 10 11 13 15 17 19 <1205185920> -1 1 4 5 7 9 11 13 15 17 19 <1205186880> -1 1 4 5 7 10 11 13 15 17 19 <1205189580> -1 2 4 5 7 10 11 13 15 17 19 <1205192760> -1 2 4 5 7 10 11 13 15 17 19 <1207615140> -1 0 -1 -2
2 4 5 7 10 11 13 15 17 19 <1207626300> -1 2 4 5 7 10 11 14 15 17 19 <1207626540> -1 2 4 5 7 10 11 13 15 17 19 <1207660740> -1 2 4 5 7 10 11 14 15 17 19 <1207663440> -1 2 4 5 7 10 11 13 15 17 19 <1207665060> -1 2 4 5 7 10 11 13 15 17 19 <1207668540> -1 2 4 5 7 10 11 14 15 17 19 <1207671300> -1 2 4 5 7 10 11 13 15 17 19 <1207672260> -1 2 3 5 7 10 11 13 15 17 19 <1207674660> -1 2 4 5 7 10 11 13 15 17 19 <1207676760> -1 2 4 5 7 10 11 14 15 17 19 <1207679040> -1 2 4 5 7 10 11 13 15 17 19 <1207684680> -1 2 4 5 7 10 11 14 15 17 19 <1207686720> -1 2 4 5 7 10 11 14 15 17 19 <1207688280> -1 0 -1 -2
2 4 5 7 10 11 13 15 17 19 <1207690980> -1 2 4 5 7 10 11 13 15 17 19 <1207695060> -1 2 4 5 7 10 11 14 15 17 19 <1207697580> -1 2 4 5 7 10 11 13 15 17 19 <1207728060> -1 1 4 5 7 10 11 13 15 17 19 <1207729320> -1 1 4 5 7 10 11 13 15 17 19 <1207729980> -1 1 4 5 7 10 11 13 15 17 19 <1207730460> -1 1 4 5 7 10 11 13 15 17 19 <1207731180> -1 1 4 5 7 10 11 13 15 17 19 <1207741800> -1 2 4 5 7 10 11 13 15 17 19 <1207750140> -1 1 4 5 7 10 11 13 15 17 19 <1207750260> -1 1 4 5 7 10 11 13 15 17 19 <1207752480> -1 2 4 5 7 10 11 13 15 17 19 <1207758600> -1 2 4 5 7 10 11 13 15 17 19 <1207759260> -1 1 4 5 7 10 11 13 15 17 19 <1207760160> -1 2 4 5 7 10 11 13 15 17 19 <1207762200> -1 2 4 5 7 10 11 13 15 17 19 <1207789080> -1 2 4 5 7 10 11 13 15 17 19 <1207792140> -1 2 4 5 7 10 11 13 15 17 19 <1207794960> -1 2 4 5 7 9 11 13 15 17 19 <1207799580> -1 2 4 5 7 10 11 13 15 17 19 <1207800720> -1 2 4 5 7 9 11 13 15 17 19 <1207802700> -1 1 4 5 7 9 11 13 15 17 19 <1207819740> -1 2 4 5 7 10 11 13 15 17 19 <1207840560> -1 1 4 5 7 10 11 14 15 17 19 <1207846680> -1 2 4 5 7 9 11 13 15 17 19 <1207851300> -1 2 4 5 7 10 11 13 15 17 19 <1207851900> -1 2 4 5 7 10 11 13 15 17 19 <1207853940> -1 1 4 5 7 10 11 14 15 17 19 <1207854720> -1 1 4 5 7 10 11 13 15 17 19 <1207856820> -1 2 4 5 7 9 11 13 15 17 19 <1207857240> -1 1 4 5 7 9 11 13 15 17 19 <1207859940> -1 2 4 5 7 9 11 13 15 17 19 <1207865160> -1 1 4 5 7 9 11 13 15 17 19 <1207869480> -1 0 -1 -2
2 4 5 7 10 11 13 15 17 19 <1210205040> -1 2 4 5 7 10 11 13 15 17 19 <1210209120> -1 2 4 5 7 10 11 13 15 17 19 <1210212900> -1 2 4 5 7 10 11 13 15 17 19 <1210214160> -1 2 4 5 7 10 11 13 15 17 19 <1210214700> -1 2 4 5 7 10 11 13 15 17 19 <1210216620> -1 2 4 5 7 10 11 13 15 17 19 <1210217760> -1 2 4 5 7 10 11 13 15 17 19 <1210218840> -1 2 4 5 7 10 11 13 15 17 19 <1210221120> -1 2 4 5 7 10 11 13 15 17 19 <1210221300> -1 2 4 5 7 10 11 13 15 17 19 <1210223460> -1 2 4 5 7 10 11 13 15 17 19 <1210227000> -1 2 4 5 7 10 11 13 15 17 19 <1210227060> -1 2 4 5 7 10 11 13 15 17 19 <1210227660> -1 2 4 5 7 10 11 13 15 17 19 <1210230720> -1 2 4 5 7 10 11 13 15 17 19 <1210230720> -1 0 -1 -2
2 4 5 7 10 11 13 15 17 19 <1210232880> -1 2 4 5 7 10 11 13 15 17 19 <1210236600> -1 2 4 5 7 10 11 13 15 17 19 <1210240080> -1 2 4 5 7 10 11 14 15 17 19 <1210256220> -1 2 4 5 7 10 11 14 15 17 19 <1210257900> -1 2 4 5 7 10 11 14 15 17 19 <1210261500> -1 2 4 5 7 10 11 13 15 17 19 <1210277040> -1 2 4 5 7 10 11 13 15 17 19 <1210280820> -1 1 4 5 7 10 11 13 15 17 19 <1210281720> -1 2 4 5 7 10 11 14 15 17 19 <1210287720> -1 2 4 5 7 10 11 14 15 17 19 <1210287960> -1 1 4 5 7 10 11 13 15 17 19 <1210289880> -1 2 4 5 7 10 11 13 15 17 19 <1210347000> -1 1 4 5 7 10 11 13 15 17 19 <1210369680> -1 1 4 5 7 9 11 13 15 17 19 <1210379580> -1 0 -1 -2
1 4 5 7 10 11 13 15 17 19 <1210379580> -1 1 4 5 7 9 11 13 15 17 19 <1210383300> -1 2 4 5 7 9 11 13 15 17 19 <1210392060> -1 2 4 5 7 10 11 13 15 17 19 <1210393200> -1 2 4 5 7 10 11 13 15 17 19 <1210394880> -1 2 4 5 7 9 11 13 15 17 19 <1210397460> -1 2 4 5 7 10 11 13 15 17 19 <1210398780> -1 2 4 5 7 10 11 13 15 17 19 <1210400100> -1 2 4 5 7 10 11 13 15 17 19 <1210406520> -1 2 4 5 7 10 11 13 15 17 19 <1210408800> -1 2 4 5 7 10 11 13 15 17 19 <1210410240> -1 2 4 5 7 9 11 13 15 17 19 <1210412820> -1 2 4 5 7 9 11 13 15 17 19 <1210413600> -1 1 4 5 7 10 11 13 15 17 19 <1210416180> -1 2 4 5 7 9 11 13 15 17 19 <1210417500> -1 2 4 5 7 10 11 13 15 17 19 <1210419000> -1 2 4 5 7 10 11 13 15 17 19 <1210420980> -1 1 4 5 7 10 11 13 15 17 19 <1210421820> -1 2 4 5 7 9 11 13 15 17 19 <1210427340> -1 2 4 5 7 9 11 13 15 17 19 <1210430040> -1 2 4 5 7 10 11 13 15 17 19 <1210433400> -1 0 -1 -2
2 4 5 7 10 11 13 15 17 19 <1210433700> -1 0 -1 -2
2 4 5 7 9 11 13 15 17 19 <1210436100> -1 2 4 5 7 10 11 13 15 17 19 <1210437420> -1 0 -1 -2
1 4 5 7 10 11 13 15 17 19 <1210438140> -1 0 -1 -2
2 4 5 7 10 11 13 15 17 19 <1210445160> -1 0 -1 -2
2 4 5 7 9 11 13 15 17 19 <1210445940> -1 2 4 5 7 9 11 13 15 17 19 <1210448700> -1 1 4 5 7 9 11 13 15 17 19 <1210450320> -1 2 4 5 7 9 11 13 15 17 19 <1210451400> -1 1 4 5 7 9 11 13 15 17 19 <1210457580> -1 2 4 5 7 10 11 13 15 17 19 <1212883440> -1 2 4 5 7 10 11 13 15 17 19 <1212891600> -1 2 4 5 7 10 11 13 15 17 19 <1212895320> -1 2 4 5 7 10 11 14 15 17 19 <1212903600> -1 0 -1 -2
2 4 5 7 10 11 14 15 17 19 <1212918960> -1 2 4 5 7 10 11 14 15 17 19 <1212919020> -1 2 4 5 7 10 11 13 15 17 19 <1212928380> -1 2 4 5 7 10 11 13 15 17 19 <1212932100> -1 2 4 5 7 10 11 13 15 17 19 <1212946500> -1 2 4 5 7 10 11 13 15 17 19 <1212948000> -1 2 4 5 7 10 11 13 15 17 19 <1212950040> -1 2 4 5 7 10 11 13 15 17 19 <1212952380> -1 2 4 5 7 10 11 14 15 17 19 <1212953040> -1 2 4 5 7 10 11 14 15 17 19 <1212955200> -1 2 4 5 7 10 11 13 15 17 19 <1212956220> -1 2 4 5 7 10 11 14 15 17 19 <1212959700> -1 2 4 5 7 10 11 14 15 17 19 <1212964020> -1 2 4 5 7 10 11 13 15 17 19 <1212968400> -1 2 4 5 7 10 11 13 15 17 19 <1212968700> -1 2 4 5 7 10 11 13 15 17 19 <1213058460> -1 2 4 5 7 10 11 13 15 17 19 <1213061100> -1 1 4 5 7 10 11 13 15 17 19 <1213061220> -1 2 4 5 7 9 11 13 15 17 19 <1213061400> -1 2 4 5 7 10 11 13 15 17 19 <1213065840> -1 2 4 5 7 10 11 13 15 17 19 <1213066140> -1 1 4 5 7 10 11 13 15 17 19 <1213068660> -1 1 4 5 7 9 11 13 15 17 19 <1213069800> -1 0 -1 -2
1 4 5 7 9 11 13 15 17 19 <1213070220> -1 0 -1 -2
2 4 5 7 10 11 13 15 17 19 <1213071960> -1 2 4 5 7 10 11 13 15 17 19 <1213075260> -1 2 4 5 7 10 11 13 15 17 19 <1213075440> -1 1 4 5 7 10 11 13 15 17 19 <1213078260> -1 2 4 5 7 10 11 13 15 17 19 <1213079160> -1 2 4 5 7 10 11 13 15 17 19 <1213080540> -1 2 4 5 7 10 11 13 15 17 19 <1213081920> -1 2 4 5 7 10 11 13 15 17 19 <1213082220> -1 2 4 5 7 10 11 13 15 17 19 <1213083300> -1 2 4 5 7 10 11 13 15 17 19 <1213083480> -1 1 4 5 7 9 11 13 15 17 19 <1213086240> -1 1 4 5 7 10 11 13 15 17 19 <1213088220> -1 2 4 5 7 10 11 13 15 17 19 <1213089060> -1 2 4 5 7 9 11 13 15 17 19 <1213091820> -1 2 4 5 7 10 11 13 15 17 19 <1213092420> -1 2 4 5 7 10 11 13 15 17 19 <1213098660> -1 1 4 5 7 10 11 13 15 17 19 <1213101540> -1 1 4 5 7 10 11 13 15 17 19 <1213101720> -1 2 4 5 7 10 11 13 15 17 19 <1213103280> -1 1 4 5 7 10 11 13 15 17 19 <1213105080> -1 0 -1 -2
2 4 5 7 10 11 13 15 17 19 <1213106100> -1 0 -1 -2
2 4 5 7 10 11 13 15 17 19 <1213110000> -1 0 -1 -2
2 4 5 7 10 11 13 15 17 19 <1213110060> -1 1 4 5 7 10 11 13 15 17 19 <1213113120> -1 2 4 5 7 10 11 13 15 17 19 <1213116120> -1 2 4 5 7 10 11 13 15 17 19 <1213116600> -1 1 4 5 7 10 11 13 15 17 19 <1213118760> -1 2 4 5 7 9 11 13 15 17 19 <1213118760> -1 1 4 5 7 9 11 13 15 17 19 <1213119300> -1 2 4 5 7 9 11 13 15 17 19 <1213124040> -1 2 4 5 7 10 11 13 15 17 19 <1213124100> -1 2 4 5 7 9 11 13 15 17 19 <1213126920> -1 2 4 5 7 9 11 13 15 17 19 <1213128120> -1 2 4 5 7 9 11 13 15 17 19 <1213130160> -1 2 4 5 7 9 11 13 15 17 19 <1213130820> -1 2 4 5 7 9 11 13 15 17 19 <1213134360> -1 2 4 5 7 9 11 13 15 17 19 <1213134480> -1 2 4 5 7 9 11 13 15 17 19 <1213137420> -1 2 4 5 7 9 11 13 15 17 19 <1213138980> -1 2 4 5 7 10 11 13 15 17 19 <1215478260> -1 1 4 5 7 10 11 13 15 17 19 <1215502200> -1 2 4 5 7 10 11 14 15 17 19 <1215505260> -1 2 4 5 7 10 11 13 15 17 19 <1215506700> -1 1 4 5 7 10 11 13 15 17 19 <1215507300> -1 2 4 5 7 10 11 13 15 17 19 <1215511920> -1 2 4 5 7 10 11 13 15 17 19 <1215515400> -1 2 4 5 7 10 11 13 15 17 19 <1215517200> -1 0 -1 -2
2 4 5 7 10 11 13 15 17 19 <1215562080> -1 2 4 5 7 10 11 13 15 17 19 <1215562320> -1 2 4 5 7 10 11 13 15 17 19 <1215564540> -1 1 4 5 7 10 11 13 15 17 19 <1215600720> -1 2 4 5 7 10 11 13 15 17 19 <1215605040> -1 2 4 5 7 10 11 13 15 17 19 <1215606000> -1 1 4 5 7 10 11 13 15 17 19 <1215608520> -1 2 4 5 7 10 11 13 15 17 19 <1215626520> -1 2 4 5 7 10 11 13 15 17 19 <1215627840> -1 1 4 5 7 10 11 13 15 17 19 <1215629340> -1 1 4 5 7 10 11 13 15 17 19 <1215631740> -1 2 4 5 7 10 11 13 15 17 19 <1215631860> -1 2 4 5 7 10 11 13 15 17 19 <1215634320> -1 2 4 5 7 10 11 13 15 17 19 <1215636600> -1 1 4 5 7 10 11 13 15 17 19 <1215646380> -1 1 4 5 7 9 11 13 15 17 19 <1215654360> -1 2 4 5 7 9 11 13 15 17 19 <1215660540> -1 1 4 5 7 9 11 13 15 17 19 <1215661140> -1 2 4 5 7 9 11 13 15 17 19 <1215675120> -1 1 4 5 7 10 11 13 15 17 19 <1215675660> -1 2 4 5 7 10 11 13 15 17 19 <1215678300> -1 1 4 5 7 10 11 13 15 17 19 <1215678360> -1 1 4 5 7 10 11 13 15 17 19 <1215681060> -1 1 4 5 7 10 11 13 15 17 19 <1215681600> -1 1 4 5 7 10 11 13 15 17 19 <1215683940> -1 2 4 5 7 10 11 13 15 17 19 <1215684240> -1 2 4 5 7 10 11 13 15 17 19 <1215684600> -1 2 4 5 7 10 11 13 15 17 19 <1215687060> -1 1 4 5 7 10 11 13 15 17 19 <1215688500> -1 2 4 5 7 10 11 13 15 17 19 <1215688560> -1 1 4 5 7 10 11 13 15 17 19 <1215689760> -1 1 4 5 7 10 11 13 15 17 19 <1215693600> -1 1 4 5 7 10 11 13 15 17 19 <1215695400> -1 0 -1 -2
1 4 5 7 10 11 13 15 17 19 <1215697680> -1 1 4 5 7 10 11 14 15 17 19 <1215700500> -1 2 4 5 7 10 11 13 15 17 19 <1215707520> -1 2 4 5 7 10 11 13 15 17 19 <1215709560> -1 1 4 5 7 10 11 13 15 17 19 <1215710880> -1 2 4 5 7 10 11 13 15 17 19 <1215715140> -1 1 4 5 7 10 11 13 15 17 19 <1215717840> -1 2 4 5 7 10 11 13 15 17 19 <1215721140> -1 1 4 5 7 9 11 13 15 17 19 <1215722340> -1 2 4 5 7 10 11 13 15 17 19 <1215722880> -1 2 4 5 7 10 11 13 15 17 19 <1216468500> -1 2 4 5 7 10 11 13 15 17 19 <1216470720> -1 2 4 5 7 10 11 13 15 17 19 <1216473420> -1 0 -1 -2
2 4 5 7 10 11 13 15 17 19 <1216478580> -1 2 4 5 7 10 11 14 15 17 19 <1216480920> -1 2 4 5 7 10 11 13 15 17 19 <1216489980> -1 2 4 5 7 10 11 13 15 17 19 <1216496640> -1 2 4 5 7 10 11 13 15 17 19 <1216496700> -1 2 4 5 7 10 11 13 15 17 19 <1216499040> -1 2 4 5 7 10 11 13 15 17 19 <1216503300> -1 1 4 5 7 10 11 13 15 17 19 <1216504620> -1 0 -1 -2
2 4 5 7 10 11 13 15 17 19 <1216507920> -1 0 -1 -2
2 4 5 7 10 11 13 15 17 19 <1216524900> -1 2 4 5 7 10 11 13 15 17 19 <1216628460> -1 2 4 5 7 10 11 13 15 17 19 <1216641180> -1 0 -1 -2
2 4 5 7 10 11 13 15 17 19 <1216684980> -1 2 4 5 7 10 11 14 15 17 19 <1216695540> -1 2 4 5 7 10 11 13 15 17 19 <1216716060> -1 2 4 5 7 10 11 13 15 17 19 <1216727220> -1 2 4 5 7 10 11 13 15 17 19 <1216735200> -1 1 4 5 7 10 11 13 15 17 19 <1216740600> -1 1 4 5 7 10 11 13 15 17 19 <1216790100> -1 2 4 5 7 10 11 13 15 17 19 <1216840920> -1 2 4 5 7 10 11 13 15 17 19 <1216999380> -1 0 -1 -2
2 4 5 7 10 11 13 15 17 19 <1217132280> -1 2 4 5 7 10 11 13 15 17 19 <1217151420> -1 2 4 5 7 10 11 13 15 17 19 <1217157000> -1 2 4 5 7 10 11 13 15 17 19 <1217173560> -1 2 4 5 7 10 11 13 15 17 19 <1217174760> -1 2 4 5 7 10 11 13 15 17 19 <1217177340> -1 2 4 5 7 10 11 13 16 17 19 <1217190240> -1 2 4 5 7 10 11 13 15 17 19 <1217197680> -1 2 4 5 7 10 11 13 15 17 19 <1217197680> -1 2 4 5 7 10 11 13 15 17 19 <1217200440> -1 2 4 5 7 10 11 13 15 17 19 <1217215860> -1 2 4 5 7 10 11 14 15 17 19 <1217216880> -1 2 4 5 7 10 11 13 15 17 19 <1217219820> -1 2 4 5 7 10 11 13 15 17 19 <1217223360> -1 2 4 5 7 10 11 13 15 17 19 <1217227500> -1 0 -1 -2
2 4 5 7 9 11 13 16 17 19 <1217234160> -1 2 4 5 7 10 11 13 15 17 19 <1217257860> -1 0 -1 -2
2 4 5 7 10 11 13 15 17 19 <1217289420> -1 2 4 5 7 10 11 13 15 17 19 <1217304480> -1 2 4 5 7 9 11 13 15 17 19 <1217308560> -1 2 4 5 7 10 11 14 15 17 19 <1217312340> -1 2 4 5 7 10 11 14 15 17 19 <1217319780> -1 0 -1 -2
2 4 5 7 10 11 14 15 17 19 <1217332020> -1 2 4 5 7 10 11 13 15 17 19 <1217346060> -1 2 4 5 7 9 11 13 16 17 19 <1217346540> -1 0 -1 -2
2 4 5 7 10 11 13 15 17 19 <1217351100> -1 0 -1 -2
2 4 5 7 10 11 13 16 17 19 <1217354880> -1 0 -1 -2
2 4 5 7 10 11 13 15 17 19 <1217365620> -1 2 4 5 7 10 11 14 15 17 19 <1217373240> -1 2 4 5 7 10 11 13 15 17 19 <1217373540> -1 2 4 5 7 10 11 13 15 17 19 <1217399400> -1 2 4 5 7 10 11 13 15 17 19 <1217401680> -1 2 4 5 7 10 11 13 15 17 19 <1217419320> -1 2 3 5 7 10 11 14 15 17 19 <1217420940> -1 0 -1 -2
2 4 5 7 10 11 13 15 17 19 <1217452560> -1 0 -1 -2
2 4 5 7 10 11 13 15 17 19 <1217512620> -1 2 4 5 7 10 11 14 15 17 19 <1217518560> -1 2 4 5 7 10 11 13 15 17 19 <1217524020> -1 2 4 5 7 10 11 13 15 17 19 <1217535480> -1 0 -1 -2
2 4 5 7 10 11 13 15 17 19 <1218171300> -1 2 4 5 7 10 11 13 15 17 19 <1218180360> -1 2 4 5 7 10 11 13 15 17 19 <1218185040> -1 0 -1 -2
2 4 5 7 10 11 14 15 17 19 <1218199020> -1 0 -1 -2
2 4 5 7 10 11 14 15 17 19 <1218226860> -1 2 4 5 7 10 11 13 15 17 19 <1218230520> -1 1 4 5 7 10 11 14 15 17 19 <1218232380> -1 2 4 5 7 10 11 14 15 17 19 <1218233160> -1 2 4 5 7 10 11 13 15 17 19 <1218234300> -1 2 4 5 7 10 11 13 15 17 19 <1218241920> -1 2 4 5 7 10 11 13 15 17 19 <1218242400> -1 1 4 5 7 10 11 13 15 17 19 <1218245040> -1 2 4 5 7 10 11 13 15 17 19 <1218252720> -1 2 4 5 7 10 11 13 15 17 19 <1218253680> -1 2 4 5 7 10 11 13 15 17 19 <1218255660> -1 2 4 5 7 10 11 13 15 17 19 <1218263820> -1 1 4 5 7 10 11 13 15 17 19 <1218266040> -1 1 4 5 7 10 11 13 15 17 19 <1218267660> -1 1 4 5 7 10 11 13 15 17 19 <1218307560> -1 1 4 5 7 10 11 13 15 17 19 <1218309240> -1 2 4 5 7 10 11 13 15 17 19 <1218309300> -1 1 4 5 7 10 11 13 15 17 19 <1218309900> -1 2 4 5 7 10 11 13 15 17 19 <1218310380> -1 2 4 5 7 10 11 13 15 17 19 <1218312000> -1 1 4 5 7 10 11 13 15 17 19 <1218317760> -1 2 4 5 7 10 11 13 15 17 19 <1218318780> -1 2 4 5 7 10 11 13 15 17 19 <1218320220> -1 1 4 5 7 10 11 13 15 17 19 <1218343620> -1 2 4 5 7 9 11 13 15 17 19 <1218346500> -1 2 4 5 7 9 11 13 15 17 19 <1218346680> -1 2 4 5 7 10 11 13 15 17 19 <1218349500> -1 2 4 5 7 9 11 13 15 17 19 <1218352200> -1 1 4 5 7 10 11 13 15 17 19 <1218352380> -1 2 4 5 7 9 11 13 15 17 19 <1218352560> -1 1 4 5 7 10 11 13 15 17 19 <1218358860> -1 1 3 5 7 9 11 13 15 17 19 <1218359160> -1 2 3 5 7 10 11 13 15 17 19 <1218364620> -1 1 4 5 7 10 11 13 15 17 19 <1218370260> -1 1 4 5 7 9 11 13 15 17 19 <1218375300> -1 2 4 5 7 10 11 13 15 17 19 <1218375480> -1 2 4 5 7 10 11 13 15 17 19 <1218379680> -1 2 4 5 7 10 11 13 15 17 19 <1218382620> -1 2 4 5 7 10 11 13 15 17 19 <1218385560> -1 2 4 5 7 10 11 13 15 17 19 <1218388440> -1 2 4 5 7 9 11 13 15 17 19 <1218389460> -1 1 4 5 7 10 11 13 15 17 19 <1218390060> -1 1 4 5 7 10 11 13 15 17 19 <1218392520> -1 1 4 5 7 10 11 13 15 17 19 <1218400020> -1 2 4 5 7 10 11 13 15 17 19 <1218403140> -1 1 4 5 7 9 11 13 15 17 19 <1218404700> -1 1 4 5 7 10 11 13 15 17 19 <1218406080> -1 2 4 5 7 10 11 13 15 17 19 <1218409980> -1 2 4 5 7 9 11 13 15 17 19 <1218412200> -1 2 4 5 7 10 11 14 15 17 19 <1218595680> -1 2 4 5 7 10 11 14 15 17 19 <1218770760> -1 2 4 5 7 10 11 14 15 17 19 <1218773640> -1 1 4 5 7 10 11 13 15 17 19 <1218777180> -1 2 4 5 7 10 11 13 15 17 19 <1218793080> -1 2 4 5 7 10 11 13 15 17 19 <1218795240> -1 2 4 5 7 10 11 14 15 17 19 <1218800520> -1 2 4 5 7 10 11 13 15 17 19 <1218824340> -1 2 4 5 7 10 11 13 15 17 19 <1218827940> -1 1 4 5 7 10 11 13 15 17 19 <1218830400> -1 1 4 5 7 10 11 13 15 17 19 <1218830580> -1 2 4 5 7 10 11 13 15 17 19 <1218843060> -1 2 4 5 7 10 11 13 15 17 19 <1218853260> -1 2 4 5 7 10 11 14 15 17 19 <1218865620> -1 2 4 5 7 10 11 13 15 17 19 <1218869520> -1 2 4 5 7 10 11 13 15 17 19 <1218871980> -1 2 4 5 7 10 11 13 15 17 19 <1218875940> -1 2 4 5 7 10 11 13 15 17 19 <1218876060> -1 2 4 5 7 10 11 13 15 17 19 <1218879840> -1 0 -1 -2
2 3 5 7 10 11 13 15 17 19 <1218894660> -1 2 4 5 7 10 11 13 15 17 19 <1218897000> -1 2 4 5 7 10 11 13 15 17 19 <1218899760> -1 2 4 5 7 10 11 13 15 17 19 <1218899940> -1 0 -1 -2
2 4 5 7 10 11 13 15 17 19 <1218930480> -1 2 4 5 7 10 11 13 15 17 19 <1218934320> -1 2 4 5 7 10 11 13 15 17 19 <1218937980> -1 2 4 5 7 10 11 13 15 17 19 <1218943020> -1 2 4 5 7 10 11 14 15 17 19 <1218943080> -1 2 4 5 7 10 11 14 15 17 19 <1218944760> -1 1 4 5 7 10 11 13 15 17 19 <1218946740> -1 2 4 5 7 10 11 13 15 17 19 <1218950460> -1 2 4 5 7 10 11 13 15 17 19 <1218975360> -1 0 -1 -2
2 4 5 7 10 11 14 15 17 19 <1218980040> -1 2 4 5 7 10 11 14 15 17 19 <1218982860> -1 2 4 5 7 10 11 13 15 17 19 <1218986700> -1 2 4 5 7 10 11 14 15 17 19 <1219008360> -1 0 -1 -2
1 4 5 7 10 11 14 15 17 19 <1219010580> -1 0 -1 -2
1 4 5 7 10 11 13 15 17 19 <1219011660> -1 1 4 5 7 10 11 14 15 17 19 <1219014240> -1 0 -1 -2
2 4 5 7 10 11 13 15 17 19 <1219015200> -1 2 4 5 7 10 11 13 15 17 19 <1219017300> -1 0 -1 -2
2 4 5 7 10 11 14 15 17 19 <1219017720> -1 0 -1 -2
1 4 5 7 10 11 14 15 17 19 <1219018800> -1 2 4 5 7 10 11 14 15 17 19 <1219022580> -1 0 -1 -2
2 4 5 7 10 11 13 15 17 19 <1219032060> -1 0 -1 -2
2 4 5 7 10 11 13 15 17 19 <1219032720> -1 2 3 5 7 10 11 13 15 17 19 <1219034100> -1 2 4 5 7 10 11 14 15 17 19 <1219035780> -1 2 4 5 7 10 11 13 15 17 19 <1219037100> -1 2 4 5 7 10 11 13 15 17 19 <1219039620> -1 2 4 5 7 10 11 13 15 17 19 <1219039860> -1 2 4 5 7 10 11 13 15 17 19 <1219040760> -1 2 4 5 7 10 11 13 15 17 19 <1219043460> -1 2 4 5 7 10 11 13 15 17 19 <1219044180> -1 2 4 5 7 10 11 13 15 17 19 <1219044540> -1 1 4 5 7 10 11 13 15 17 19 <1219047480> -1 2 4 5 7 10 11 13 15 17 19 <1219048260> -1 2 4 5 7 10 11 13 15 17 19 <1219054380> -1 2 4 5 7 10 11 13 15 17 19 <1219057440> -1 2 4 5 7 10 11 13 15 17 19 <1219060800> -1 2 4 5 7 10 11 13 15 17 19 <1219061160> -1 2 4 5 7 10 11 14 15 17 19 <1219062120> -1 2 4 5 7 10 11 13 15 17 19 <1219063740> -1 2 4 5 7 10 11 13 15 17 19 <1219064820> -1 2 4 5 7 10 11 13 15 17 19 <1219068060> -1 2 4 5 7 10 11 13 15 17 19 <1219068240> -1 2 4 5 7 10 11 14 15 17 19 <1219070700> -1 2 4 5 7 9 11 13 15 17 19 <1219071600> -1 2 4 5 7 10 11 13 15 17 19 <1219073160> -1 2 4 5 7 10 11 13 15 17 19 <1219073400> -1 2 4 5 7 9 11 13 15 17 19 <1219073580> -1 2 4 5 7 10 11 14 15 17 19 <1219074060> -1 2 4 5 7 9 11 13 15 17 19 <1219076340> -1 2 4 5 7 9 11 13 15 17 19 <1219079580> -1 0 -1 -2
2 4 5 7 9 11 13 15 17 19 <1219079760> -1 2 4 5 7 10 12 14 15 18 19 <1219081020> -1 1 4 5 7 10 11 13 15 17 19 <1219087440> -1 2 4 5 7 9 11 14 15 17 19 <1219089240> -1 0 -1 -2
2 4 5 7 10 11 13 15 17 19 <1219100400> -1 2 4 5 7 10 11 13 15 17 19 <1219100580> -1 2 4 5 7 10 11 14 15 17 19 <1219103220> -1 2 4 5 7 10 11 13 15 17 19 <1219108200> -1 2 4 5 7 10 11 13 15 17 19 <1219118340> -1 0 -1 -2
2 4 5 7 10 11 13 15 17 19 <1219121880> -1 2 4 5 7 10 11 13 15 17 19 <1219122540> -1 2 4 5 7 10 11 13 15 17 19 <1219122660> -1 2 4 5 7 10 11 14 15 17 19 <1219122660> -1 2 4 5 7 10 11 13 15 17 19 <1219124400> -1 2 4 5 7 10 11 13 15 17 19 <1219124460> -1 2 4 5 7 10 11 13 15 17 19 <1219125180> -1 2 4 5 7 10 11 13 15 17 19 <1219125240> -1 2 4 5 7 10 11 14 15 17 19 <1219125360> -1 0 -1 -2
2 4 5 7 10 11 13 15 17 19 <1219127040> -1 2 4 5 7 10 11 13 15 17 19 <1219131780> -1 2 4 5 7 10 11 13 15 17 19 <1219132680> -1 0 -1 -2
2 4 5 7 10 11 13 15 17 19 <1219132860> -1 2 4 5 7 10 11 13 15 17 19 <1219133220> -1 2 4 5 7 10 11 14 15 17 19 <1219134780> -1 2 4 5 7 10 11 13 15 17 19 <1219136640> -1 2 4 5 7 10 11 13 15 17 19 <1219136700> -1 2 4 5 7 10 11 13 15 17 19 <1219142760> -1 2 4 5 7 10 11 13 15 17 19 <1219144260> -1 2 4 5 7 10 11 13 15 17 19 <1219144380> -1 2 4 5 7 10 11 13 15 17 19 <1219144380> -1 2 4 5 7 10 11 13 15 17 19 <1219145280> -1 2 4 5 7 10 11 14 15 17 19 <1219146240> -1 2 4 5 7 10 11 13 15 17 19 <1219146360> -1 2 4 5 7 10 11 14 15 17 19 <1219147020> -1 2 4 5 7 10 11 13 15 17 19 <1219147080> -1 2 4 5 7 10 11 14 15 17 19 <1219149000> -1 2 4 5 7 10 11 13 15 17 19 <1219159980> -1 2 4 5 7 10 11 13 15 17 19 <1219169520> -1 2 4 5 7 10 11 13 15 17 19 <1219169520> -1 2 4 5 7 10 11 13 15 17 19 <1219170600> -1 2 4 5 7 10 11 13 15 17 19 <1219170600> -1 2 4 5 7 10 11 13 15 17 19 <1219174680> -1 2 4 5 7 10 11 13 15 17 19 <1219179180> -1 2 4 5 7 10 11 13 15 17 19 <1219190700> -1 2 4 5 7 10 11 13 15 17 19 <1219195980> -1 2 4 5 7 10 11 13 15 17 19 <1219196520> -1 2 4 5 7 10 11 13 15 17 19 <1219198380> -1 2 4 5 7 10 11 13 15 17 19 <1219199220> -1 0 -1 -2
2 4 5 7 10 11 13 15 17 19 <1219201200> -1 2 4 5 7 10 11 13 15 17 19 <1219201920> -1 0 -1 -2
2 4 5 7 10 11 13 15 17 19 <1219214160> -1 1 4 5 7 10 11 13 15 17 19 <1219216320> -1 2 4 5 7 10 11 13 15 17 19 <1219221600> -1 0 -1 -2
2 4 5 7 10 11 13 15 17 19 <1219223820> -1 0 -1 -2
2 4 5 7 10 11 13 15 17 19 <1219227960> -1 2 4 5 7 10 11 13 15 17 19 <1219248480> -1 2 4 5 7 10 11 13 15 17 19 <1219248960> -1 2 4 5 7 10 11 13 15 17 19 <1219252140> -1 2 4 5 7 10 11 14 15 17 19 <1219253700> -1 2 3 5 7 10 11 13 15 17 19 <1219253760> -1 2 4 5 7 10 11 13 15 17 19 <1219256940> -1 2 4 5 7 10 11 14 15 17 19 <1219257300> -1 2 4 5 7 10 11 14 15 17 19 <1219260000> -1 0 -1 -2
2 4 5 7 10 11 13 15 17 19 <1219263540> -1 2 4 5 7 10 11 13 15 17 19 <1219267980> -1 2 4 5 7 10 11 13 15 17 19 <1219268460> -1 2 4 5 7 10 11 13 15 17 19 <1219269480> -1 2 4 5 7 10 11 13 15 17 19 <1219270380> -1 2 4 5 7 10 11 13 15 17 19 <1219272300> -1 2 4 5 7 10 11 13 15 17 19 <1219274280> -1 2 3 5 7 10 11 13 15 17 19 <1219275780> -1 0 -1 -2
1 4 5 7 10 11 13 15 17 19 <1219284660> -1 2 4 5 7 10 11 13 15 17 19 <1219286760> -1 2 4 5 7 10 11 13 15 17 19 <1219292520> -1 1 4 5 7 10 11 13 15 17 19 <1219292940> -1 2 4 5 7 10 11 13 15 17 19 <1219295160> -1 2 4 5 7 10 11 13 15 17 19 <1219295700> -1 2 4 5 7 10 11 14 15 17 19 <1219299000> -1 0 -1 -2
2 4 5 7 10 11 13 15 17 19 <1219317720> -1 2 4 5 7 10 11 13 15 17 19 <1219320000> -1 2 4 5 7 10 11 13 15 17 19 <1219321860> -1 1 4 5 7 10 11 13 15 17 19 <1219321980> -1 2 4 5 7 10 11 13 15 17 19 <1219322580> -1 2 4 5 7 10 11 13 15 17 19 <1219323120> -1 2 4 5 7 10 11 14 15 17 19 <1219324260> -1 2 4 5 7 10 11 13 15 17 19 <1219324740> -1 1 4 5 7 10 11 13 15 17 19 <1219325340> -1 2 4 5 7 10 11 13 15 17 19 <1219326300> -1 2 4 5 7 10 11 14 15 17 19 <1219330020> -1 2 4 5 7 10 11 13 15 17 19 <1219331100> -1 2 4 5 7 10 11 13 15 17 19 <1219331160> -1 1 4 5 7 10 11 13 15 17 19 <1219332720> -1 2 4 5 7 10 11 13 15 17 19 <1219333680> -1 2 4 5 7 10 11 13 15 17 19 <1219333800> -1 2 4 5 7 10 11 13 15 17 19 <1219335540> -1 0 -1 -2
2 4 5 7 10 11 13 15 17 19 <1219336560> -1 2 4 5 7 10 11 13 15 17 19 <1219339500> -1 1 4 5 7 10 11 13 15 17 19 <1219340640> -1 2 4 5 7 10 11 13 15 17 19 <1219341840> -1 2 3 5 7 10 11 13 15 17 19 <1219341900> -1 0 -1 -2
1 4 5 7 10 11 13 15 17 19 <1219343940> -1 2 4 5 7 10 11 14 15 17 19 <1219344780> -1 2 4 5 7 10 11 13 15 17 19 <1219345920> -1 2 4 5 7 10 11 13 15 17 19 <1219345920> -1 1 4 5 7 10 11 13 15 17 19 <1219347960> -1 2 4 5 7 10 11 14 15 17 19 <1219349940> -1 2 4 5 7 10 11 13 15 17 19 <1219350060> -1 2 4 5 7 10 11 13 15 17 19 <1219351020> -1 2 4 5 7 10 11 13 15 17 19 <1219354320> -1 2 4 5 7 10 11 13 15 17 19 <1219357500> -1 2 4 5 7 10 11 13 15 17 19 <1219358460> -1 2 3 5 7 10 11 13 15 17 19 <1219360080> -1 2 4 5 7 10 11 13 15 17 19 <1219361220> -1 2 4 5 7 10 11 14 15 17 19 <1219362780> -1 2 4 5 7 10 11 13 15 17 19 <1219363020> -1 2 4 5 7 10 11 13 15 17 19 <1219365780> -1 2 4 5 7 10 11 13 15 17 19 <1219365840> -1 2 4 5 7 10 11 14 15 17 19 <1219366020> -1 2 4 5 7 10 11 13 15 17 19 <1219367040> -1 0 -1 -2
2 4 5 7 10 11 13 15 17 19 <1219368360> -1 1 4 5 7 10 11 13 15 17 19 <1219368420> -1 2 4 5 7 10 11 13 15 17 19 <1219370040> -1 2 4 5 7 10 11 13 15 17 19 <1219370460> -1 2 4 5 7 10 11 13 15 17 19 <1219371900> -1 2 4 5 7 10 11 13 15 17 19 <1219373520> -1 2 4 5 7 10 11 13 15 17 19 <1219375080> -1 2 4 5 7 10 11 13 15 17 19 <1219377480> -1 2 4 5 7 10 11 13 15 17 19 <1219380000> -1 2 4 5 7 10 11 13 15 17 19 <1219381020> -1 2 4 5 7 10 11 13 15 17 19 <1219382460> -1 2 4 5 7 10 11 13 15 17 19 <1219383060> -1 1 4 5 7 10 11 13 15 17 19 <1219383120> -1 1 3 5 7 10 11 14 15 17 19 <1219384800> -1 0 -1 -2
1 4 5 7 10 11 13 15 17 19 <1219388640> -1 2 4 5 7 10 11 13 15 17 19 <1219389420> -1 1 4 5 7 10 11 13 15 17 19 <1219390020> -1 2 4 5 7 10 11 13 15 17 19 <1219397340> -1 2 4 5 7 10 11 13 15 17 19 <1219397340> -1 2 4 5 7 10 11 13 15 17 19 <1219399260> -1 2 4 5 7 10 11 13 15 17 19 <1219400280> -1 1 4 5 7 10 11 13 15 17 19 <1219402020> -1 2 4 5 7 10 11 13 15 17 19 <1219404720> -1 2 4 5 7 10 11 13 15 17 19 <1219407180> -1 2 4 5 7 10 11 13 15 17 19 <1219408620> -1 2 4 5 7 10 11 13 15 17 19 <1219408920> -1 2 4 5 7 10 11 13 15 17 19 <1219411320> -1 1 4 5 7 10 11 13 15 17 19 <1219416300> -1 2 4 5 7 10 11 14 15 17 19 <1219418700> -1 2 4 5 7 10 11 13 15 17 19 <1219419540> -1 2 4 5 7 10 11 13 15 17 19 <1219420440> -1 2 4 5 7 10 11 13 15 17 19 <1219432440> -1 0 -1 -2
1 4 5 7 9 11 13 15 17 19 <1219448760> -1 1 4 5 7 9 11 13 15 17 19 <1219448820> -1 1 4 5 7 9 11 13 15 17 19 <1219448940> -1 1 4 5 7 9 11 13 15 17 19 <1219449360> -1 1 4 5 7 9 11 13 15 17 19 <1219457040> -1 1 4 5 7 9 11 13 15 17 19 <1219461960> -1 2 4 5 7 9 11 13 15 17 19 <1219467000> -1 1 4 5 7 9 11 13 15 17 19 <1219467120> -1 1 4 5 7 9 11 13 15 17 19 <1219471020> -1 2 4 5 7 9 11 13 15 17 19 <1219471020> -1 2 4 5 7 9 11 14 15 17 19 <1219471080> -1 2 4 5 7 9 11 13 15 17 19 <1219471080> -1 1 4 5 7 10 11 13 15 17 19 <1219483440> -1 1 4 5 7 10 11 13 15 17 19 <1219496280> -1 1 4 5 7 10 11 13 15 17 19 <1219496520> -1 1 4 5 7 10 11 13 15 17 19 <1219504200> -1 2 4 5 7 10 11 13 15 17 19 <1219505340> -1 0 -1 -2
2 4 5 7 10 11 13 15 17 19 <1219545120> -1 1 4 5 7 10 11 13 15 17 19 <1219550400> -1 2 4 5 7 10 11 13 15 17 19 <1219561920> -1 1 4 5 7 10 11 13 15 17 19 <1219562040> -1 1 4 5 7 10 11 13 15 17 19 <1219572540> -1 1 4 5 7 10 11 13 15 17 19 <1219572840> -1 2 4 5 7 10 11 14 15 17 19 <1219582980> -1 0 -1 -2
2 4 5 7 10 11 13 15 17 19 <1219656540> -1 1 4 5 7 9 11 13 15 17 19 <1219797960> -1 1 4 5 7 10 11 13 15 17 19 <1219837080> -1 2 4 5 7 10 11 13 15 17 19 <1219839720> -1 1 4 5 7 10 11 13 15 17 19 <1219844100> -1 1 4 5 7 10 11 13 15 17 19 <1219846680> -1 1 4 5 7 10 11 13 15 17 19 <1219857240> -1 1 4 5 7 9 11 13 15 17 19 <1219877280> -1 2 4 5 8 9 12 14 15 18 19 <1219877880> -1 1 4 5 7 10 11 13 15 17 19 <1219892580> -1 1 4 5 7 10 11 13 15 17 19 <1219892640> -1 2 4 5 7 10 11 13 15 17 19 <1219894140> -1 2 4 5 7 10 11 13 15 17 19 <1219894680> -1 2 4 5 7 10 11 13 15 17 19 <1219895100> -1 2 4 5 7 10 11 13 15 17 19 <1219896600> -1 1 4 5 7 9 11 13 15 17 19 <1219897200> -1 1 4 5 7 10 11 13 15 17 19 <1219899240> -1 2 4 5 7 9 12 13 15 18 19 <1219899600> -1 2 4 5 7 10 11 13 15 17 19 <1219904100> -1 1 4 5 7 10 11 13 15 17 19 <1219905540> -1 1 4 5 7 10 11 13 15 17 19 <1219906560> -1 2 4 5 7 10 11 13 15 17 19 <1219909200> -1 2 4 5 7 10 11 13 15 17 19 <1219909860> -1 1 4 5 7 10 11 13 15 17 19 <1219912860> -1 1 4 5 7 10 11 13 15 17 19 <1219916760> -1 2 4 5 7 10 11 13 15 17 19 <1219916940> -1 2 4 5 7 10 11 13 15 17 19 <1219918500> -1 2 4 5 7 10 11 14 15 17 19 <1219919280> -1 1 4 5 7 10 11 13 15 17 19 <1219919520> -1 1 4 5 7 10 11 13 15 17 19 <1219922340> -1 1 4 5 7 10 11 13 15 17 19 <1219927440> -1 1 4 5 7 9 11 13 15 17 19 <1219934880> -1 2 4 5 7 10 11 13 15 17 19 <1219936740> -1 2 4 5 7 10 11 13 15 17 19 <1219939260> -1 2 4 5 7 10 11 13 15 17 19 <1219941780> -1 2 4 5 7 9 11 13 15 17 19 <1219942320> -1 2 4 5 7 10 11 13 15 17 19 <1219944060> -1 2 4 5 7 9 11 13 15 17 19 <1219944420> -1 2 4 5 7 10 11 13 15 17 19 <1219944720> -1 1 4 5 7 10 11 13 15 17 19 <1219946700> -1 1 4 5 7 9 11 13 15 17 19 <1219947000> -1 1 4 5 7 9 11 13 15 17 19 <1219947300> -1 2 4 5 7 10 11 13 15 17 19 <1219947900> -1 1 4 5 7 9 11 13 15 17 19 <1219949220> -1 1 4 5 7 9 11 13 15 17 19 <1219949820> -1 2 4 5 7 9 11 13 15 17 19 <1219954800> -1 2 4 5 7 10 11 13 15 17 19 <1219955940> -1 0 -1 -2
2 4 5 7 9 11 13 15 17 19 <1219957380> -1 1 4 5 7 10 11 13 15 17 19 <1219960320> -1 2 4 5 7 10 11 13 15 17 19 <1219964220> -1 1 4 5 7 9 11 13 15 17 19 <1219966800> -1 2 4 5 7 9 11 13 15 17 19 <1219966920> -1 1 4 5 7 10 11 13 15 17 19 <1219970940> -1 2 4 5 7 9 11 13 15 17 19 <1219971960> -1 1 4 5 7 10 11 13 15 17 19 <1219977480> -1 2 4 5 7 9 11 13 15 17 19 <1219977540> -1 1 4 5 7 10 11 13 15 17 19 <1219980420> -1 2 3 5 7 9 11 13 15 17 19 <1219980780> -1 1 4 5 7 9 11 13 15 17 19 <1219981560> -1 2 4 5 7 10 11 13 15 17 19 <1219985700> -1 0 -1 -2
1 4 5 7 10 11 13 15 17 19 <1219985760> -1 2 4 5 7 10 11 13 15 17 19 <1219986960> -1 1 4 5 7 9 11 13 15 17 19 <1219989240> -1 2 4 5 7 10 11 13 15 17 19 <1219989240> -1 2 4 5 7 10 11 13 15 17 19 <1219989420> -1 1 4 5 7 10 11 13 15 17 19 <1219989420> -1 2 4 5 7 10 11 13 15 17 19 <1219991700> -1 1 4 5 7 10 11 13 15 17 19 <1219991820> -1 2 4 5 7 10 11 13 15 17 19 <1219992000> -1 1 4 5 7 10 11 13 15 17 19 <1219992300> -1 0 -1 -2
2 4 5 7 10 11 13 15 17 19 <1219992840> -1 2 4 5 7 10 11 13 15 17 19 <1219994280> -1 2 4 5 7 10 11 13 15 17 19 <1219994520> -1 2 4 5 7 9 11 13 15 17 19 <1219994640> -1 1 4 5 7 10 11 13 15 17 19 <1219995180> -1 2 4 5 7 10 11 13 15 17 19 <1219995180> -1 2 4 5 7 10 11 13 15 17 19 <1219997400> -1 2 4 5 7 10 11 13 15 17 19 <1219998000> -1 1 4 5 7 10 11 13 15 17 19 <1219999260> -1 1 4 5 7 10 11 13 16 17 19 <1219999500> -1 1 4 5 7 10 11 13 15 17 19 <1220012460> -1 2 4 5 7 9 11 13 15 17 19 <1220012520> -1 2 4 5 7 10 11 13 15 17 19 <1220013420> -1 2 4 5 7 10 11 13 15 17 19 <1220015040> -1 1 4 5 7 10 11 13 15 17 19 <1220015640> -1 2 3 5 7 10 11 13 15 17 19 <1220016420> -1 2 4 5 7 10 11 13 15 17 19 <1220017740> -1 1 4 5 7 9 11 13 15 17 19 <1220019060> -1 1 4 5 7 10 11 13 15 17 19 <1220019480> -1 1 3 5 7 10 11 13 15 17 19 <1220020200> -1 1 4 5 7 10 11 13 15 17 19 <1220022060> -1 2 4 5 7 10 11 13 15 17 19 <1220024580> -1 2 4 5 7 10 11 13 15 17 19 <1220027160> -1 1 4 5 7 10 11 13 15 17 19 <1220041260> -1 2 4 5 7 10 11 13 15 17 19 <1220042940> -1 2 4 5 7 9 11 13 15 17 19 <1220045100> -1 2 4 5 7 10 11 13 15 17 19 <1220046360> -1 2 4 5 7 9 11 13 15 17 19 <1220046840> -1 2 4 5 7 10 11 13 15 17 19 <1220047860> -1 2 4 5 7 10 11 13 15 17 19 <1220049900> -1 1 4 5 7 10 11 13 15 17 19 <1220050140> -1 2 4 5 7 10 11 13 15 17 19 <1220050560> -1 2 4 5 7 9 11 13 15 17 19 <1220054460> -1 2 4 5 7 10 11 13 15 17 19 <1220054700> -1 2 4 5 7 10 11 13 15 17 19 <1220057820> -1 2 4 5 7 9 11 13 15 17 19 <1220059740> -1 2 3 5 7 10 11 13 16 17 19 <1220062080> -1 2 4 5 7 10 11 13 15 17 19 <1220062920> -1 1 4 5 7 10 11 13 15 17 19 <1220063520> -1 1 4 5 7 10 11 13 15 17 19 <1220063940> -1 1 4 5 7 10 11 13 15 17 19 <1220064600> -1 1 4 5 7 10 11 13 15 17 19 <1220065800> -1 1 4 5 7 10 11 13 15 17 19 <1220070000> -1 2 4 5 7 10 11 13 15 17 19 <1220070240> -1 1 4 5 7 10 11 13 15 17 19 <1220072100> -1 2 4 5 7 9 11 13 15 17 19 <1220072700> -1 2 4 5 7 10 11 13 15 17 19 <1220072700> -1 2 4 5 7 10 11 13 15 17 19 <1220074680> -1 2 4 5 7 10 11 13 15 17 19 <1220075460> -1 2 4 5 7 10 11 13 15 17 19 <1220082600> -1 1 4 5 7 10 11 13 15 17 19 <1220082840> -1 2 4 5 7 9 11 13 15 17 19 <1220083800> -1 1 4 5 7 10 11 13 15 17 19 <1220084940> -1 1 4 5 7 10 11 13 15 17 19 <1220085720> -1 1 4 5 7 10 11 13 15 17 19 <1220086380> -1 2 4 5 7 10 11 13 15 17 19 <1220087580> -1 2 4 5 7 10 11 13 15 17 19 <1220089020> -1 2 4 5 7 10 11 13 15 17 19 <1220089500> -1 0 -1 -2
2 4 5 7 10 11 13 15 17 19 <1220091300> -1 1 4 5 7 10 11 13 15 17 19 <1220091360> -1 2 4 5 7 10 11 13 15 17 19 <1220094720> -1 1 4 5 7 9 11 13 15 17 19 <1220094840> -1 1 4 5 7 10 11 13 15 17 19 <1220095080> -1 1 4 5 7 10 11 13 15 17 19 <1220097420> -1 2 4 5 7 9 11 13 15 17 19 <1220105400> -1 0 -1 -2
2 4 5 7 10 11 13 15 17 19 <1220106180> -1 2 4 5 7 10 11 13 15 17 19 <1220107020> -1 1 4 5 7 10 11 13 15 17 19 <1220108760> -1 1 4 5 7 10 11 13 15 17 19 <1220109360> -1 1 4 5 7 9 11 13 15 17 19 <1220110620> -1 2 4 5 7 10 11 13 15 17 19 <1220111400> -1 2 4 5 7 10 11 13 15 17 19 <1220111820> -1 2 4 5 7 10 11 13 15 17 19 <1220113440> -1 2 4 5 7 10 11 13 16 17 19 <1220115900> -1 1 4 5 7 10 11 13 15 17 19 <1220118540> -1 2 4 5 7 10 11 13 15 17 19 <1220124060> -1 2 4 5 7 10 11 13 15 17 19 <1220124420> -1 2 4 5 7 10 11 13 15 17 19 <1220127060> -1 2 4 5 7 10 11 13 16 17 19 <1220129580> -1 1 4 5 7 10 11 13 15 17 19 <1220133180> -1 2 4 5 7 10 11 13 15 17 19 <1220140260> -1 1 4 5 7 10 11 13 15 17 19 <1220151420> -1 2 4 5 7 10 11 13 15 17 19 <1220157960> -1 0 -1 -2
2 4 5 7 10 11 13 15 17 19 <1220159100> -1 2 3 5 7 10 11 13 15 17 19 <1220173860> -1 2 4 5 7 10 11 13 15 17 19 <1220178960> -1 2 4 5 7 10 11 13 15 17 19 <1220180340> -1 0 -1 -2
2 4 5 7 10 11 13 15 17 19 <1220180340> -1 2 3 5 7 10 11 13 15 17 19 <1220180580> -1 2 4 5 7 10 11 13 15 17 19 <1220195340> -1 2 4 5 7 10 11 13 15 17 19 <1220195580> -1 2 4 5 7 10 11 13 15 17 19 <1220200320> -1 2 4 5 7 10 11 13 15 17 19 <1220214240> -1 2 4 5 7 10 11 13 15 17 19 <1220216640> -1 2 4 5 7 10 11 13 15 17 19 <1220219160> -1 2 4 5 7 10 11 13 15 17 19 <1220219880> -1 2 4 5 7 10 11 13 15 17 19 <1220221920> -1 1 4 5 7 10 11 13 15 17 19 <1220222880> -1 2 4 5 7 10 11 13 15 17 19 <1220223420> -1 2 4 5 7 10 11 14 15 17 19 <1220840100> -1 2 4 5 7 10 11 13 15 17 19 <1220841420> -1 2 4 5 7 10 11 14 15 17 19 <1220853900> -1 2 4 5 7 10 11 14 15 17 19 <1220865360> -1 0 -1 -2
2 4 5 7 10 11 13 15 17 19 <1220865720> -1 2 4 5 7 10 11 14 15 17 19 <1220874120> -1 0 -1 -2
1 4 5 7 10 11 13 15 17 19 <1220895240> -1 2 4 5 7 10 11 13 15 17 19 <1220900580> -1 1 4 5 7 10 11 14 15 17 19 <1220904240> -1 2 4 5 7 10 11 13 15 17 19 <1220908020> -1 1 4 5 7 10 11 13 15 17 19 <1220912100> -1 2 4 5 7 10 11 13 15 17 19 <1220913420> -1 2 4 5 7 10 11 14 15 17 19 <1220915820> -1 2 4 5 7 10 11 14 15 17 19 <1220916840> -1 2 4 5 7 10 11 13 15 17 19 <1220919900> -1 1 4 5 7 10 11 13 15 17 19 <1220932380> -1 2 4 5 7 10 11 13 15 17 19 <1220949840> -1 1 4 5 7 10 11 13 15 17 19 <1221006180> -1 2 4 5 7 10 11 13 15 17 19 <1221021240> -1 0 -1 -2
1 4 5 7 10 11 13 15 17 19 <1221026760> -1 2 4 5 7 10 11 13 15 17 19 <1221032280> -1 1 4 5 7 10 11 13 15 17 19 <1221056100> -1 2 4 5 7 10 11 13 15 17 19 <1221059040> -1 2 4 5 7 10 11 13 15 17 19 <1221062100> -1 0 -1 -2
2 4 5 7 10 11 13 15 17 19 <1221062160> -1 2 4 5 7 10 11 13 15 17 19 <1221265500> -1 2 4 5 7 10 11 13 15 17 19 <1221274620> -1 2 4 5 7 9 11 13 15 17 19 <1221275640> -1 2 4 5 7 10 11 13 15 17 19 <1221297540> -1 2 4 5 7 10 11 13 15 17 19 <1221303300> -1 2 4 5 7 10 11 13 15 17 19 <1221306120> -1 2 4 5 7 9 11 13 15 17 19 <1221306960> -1 0 -1 -2
2 4 5 7 10 11 13 15 17 19 <1221310080> -1 2 4 5 7 10 11 13 15 17 19 <1221314820> -1 2 4 5 7 10 11 13 15 17 19 <1221321840> -1 2 4 5 7 9 11 13 15 17 19 <1221321840> -1 2 4 5 7 10 11 13 15 17 19 <1221336360> -1 0 -1 -2
2 4 5 7 10 11 13 15 17 19 <1221360600> -1 2 4 5 7 10 11 13 15 17 19 <1221361140> -1 2 4 5 7 10 11 13 15 17 19 <1221404520> -1 2 4 5 7 10 11 13 15 17 19 <1221407160> -1 2 4 5 7 10 11 13 15 17 19 <1221410040> -1 2 4 5 7 10 11 13 15 17 19 <1221414000> -1 1 4 5 7 10 11 13 15 17 19 <1221416820> -1 2 4 5 7 10 11 13 15 17 19 <1221416820> -1 2 4 5 7 10 11 13 15 17 19 <1221419580> -1 2 4 5 7 10 11 13 15 17 19 <1221422400> -1 2 4 5 7 10 11 13 15 17 19 <1221424980> -1 2 4 5 7 10 11 13 15 17 19 <1221425100> -1 2 4 5 7 10 11 13 15 17 19 <1221427860> -1 1 4 5 7 9 11 13 15 17 19 <1221433200> -1 2 4 5 7 10 11 13 15 17 19 <1221444240> -1 2 4 5 7 10 11 13 15 17 19 <1221472980> -1 2 4 5 7 10 11 13 15 17 19 <1221478800> -1 2 4 5 7 10 11 13 15 17 19 <1221481620> -1 2 4 5 7 9 11 13 15 17 19 <1221495000> -1 2 4 5 7 9 11 13 15 17 19 <1221497940> -1 1 4 5 7 10 11 13 15 17 19 <1221508440> -1 2 4 5 7 9 11 13 15 17 19 <1221515760> -1 2 4 5 7 10 11 13 15 17 19 <1221516780> -1 2 4 5 7 10 11 13 15 17 19 <1221518700> -1 1 4 5 7 10 11 13 16 17 19 <1221519240> -1 2 4 5 7 10 11 13 15 17 19 <1221521820> -1 1 4 5 7 10 11 13 15 17 19 <1221550740> -1 1 4 5 7 10 11 13 15 17 19 <1221551280> -1 2 4 5 7 10 11 13 15 17 19 <1221555000> -1 1 4 5 7 10 11 13 15 17 19 <1221555120> -1 1 4 5 7 10 11 13 15 17 19 <1221557820> -1 2 4 5 7 10 11 13 15 17 19 <1221584820> -1 2 4 5 7 10 11 13 15 17 19 <1221588540> -1 2 4 5 7 9 11 13 15 17 19 <1221589380> -1 2 4 5 7 10 11 13 15 17 19 <1221593640> -1 2 4 5 7 10 11 13 15 17 19 <1221594300> -1 2 4 5 7 9 11 13 15 17 19 <1221600060> -1 2 4 5 7 10 11 13 15 17 19 <1221605100> -1 2 4 5 7 10 11 13 15 17 19 <1221616860> -1 2 4 5 7 10 11 13 15 17 19 <1221625380> -1 0 -1 -2
2 4 5 7 9 11 13 15 17 19 <1221635640> -1 2 4 5 7 10 11 13 15 17 19 <1221636480> -1 2 4 5 7 9 11 13 15 17 19 <1221688320> -1 2 4 5 7 9 11 13 15 17 19 <1221699420> -1 2 4 5 7 9 11 13 15 17 19 <1221702000> -1 2 4 5 7 10 11 13 15 17 19 <1221702180> -1 2 4 5 7 9 11 13 15 17 19 <1221703260> -1 2 4 5 7 9 11 13 15 17 19 <1221710280> -1 2 4 5 7 10 11 13 15 17 19 <1221710280> -1 2 4 5 7 9 11 13 15 17 19 <1221716640> -1 2 4 5 7 9 11 13 15 17 19 <1221717480> -1 2 4 5 7 10 11 13 15 17 19 <1221725040> -1 2 4 5 7 10 11 13 15 17 19 <1221734880> -1 2 4 5 7 10 11 13 15 17 19 <1221745680> -1 2 4 5 7 10 11 13 15 17 19 <1221758520> -1 2 4 5 7 10 11 13 15 17 19 <1221761520> -1 2 4 5 7 10 11 13 15 17 19 <1221764160> -1 2 4 5 7 10 11 13 15 17 19 <1221772320> -1 2 4 5 7 10 11 13 15 17 19 <1221774960> -1 2 4 5 7 10 11 13 15 17 19 <1221778800> -1 2 4 5 7 10 11 13 15 17 19 <1221779100> -1 2 4 5 7 10 11 13 15 17 19 <1221781440> -1 2 4 5 7 10 11 13 15 17 19 <1221784200> -1 2 4 5 7 10 11 13 15 17 19 <1221789420> -1 2 4 5 7 10 11 13 15 17 19 <1221792240> -1 2 4 5 7 10 11 13 15 17 19 <1221799320> -1 2 4 5 7 10 11 13 15 17 19 <1221802380> -1 2 4 5 7 10 11 13 15 17 19 <1221803820> -1 2 4 5 7 9 11 13 15 17 19 <1221804060> -1 2 4 5 7 10 11 13 15 17 19 <1221806640> -1 2 4 5 7 9 11 13 15 17 19 <1221808440> -1 2 4 5 7 9 11 13 15 17 19 <1221808680> -1 2 4 5 7 10 11 13 15 17 19 <1221811680> -1 2 4 5 7 10 11 13 15 17 19 <1221814320> -1 2 4 5 7 10 11 13 15 17 19 <1221815520> -1 2 4 5 7 9 11 13 15 17 19 <1221817620> -1 2 4 5 7 9 11 13 15 17 19 <1221821100> -1 2 4 5 7 9 11 13 15 17 19 <1221822780> -1 2 4 5 7 10 11 13 15 17 19 <1221825240> -1 2 4 5 7 9 11 13 15 17 19 <1221832740> -1 2 4 5 7 9 11 13 15 17 19 <1221838260> -1 2 4 5 7 9 11 13 15 17 19 <1221842400> -1 2 4 5 7 10 11 13 15 17 19 <1221843480> -1 0 -1 -2
2 4 5 7 9 11 13 15 17 19 <1221846420> -1 2 4 5 7 9 11 13 15 17 19 <1221847860> -1 2 4 5 7 9 11 13 15 17 19 <1221849180> -1 2 4 5 7 9 11 13 15 17 19 <1221851880> -1 2 4 5 7 9 11 13 15 17 19 <1221852540> -1 1 4 5 7 9 11 13 15 17 19 <1221854700> -1 2 4 5 7 9 11 13 15 17 19 <1221854820> -1 2 4 5 7 9 11 13 15 17 19 <1221855000> -1 2 4 5 7 9 11 13 15 17 19 <1221855420> -1 2 4 5 7 10 11 13 15 17 19 <1221855540> -1 0 -1 -2
2 3 5 7 9 11 13 15 17 19 <1221858480> -1 2 4 5 7 10 11 13 15 17 19 <1221858540> -1 0 -1 -2
2 4 5 7 9 11 13 15 17 19 <1221858780> -1 2 4 5 7 9 11 13 15 17 19 <1221858840> -1 2 4 5 7 9 11 13 15 17 19 <1221861540> -1 0 -1 -2
2 4 5 7 9 11 13 15 17 19 <1221866760> -1 2 4 5 7 9 11 13 15 17 19 <1221867180> -1 2 4 5 7 9 11 13 15 17 19 <1221869880> -1 2 4 5 7 9 11 13 15 17 19 <1221870780> -1 2 4 5 7 9 11 13 15 17 19 <1221883080> -1 2 4 5 7 9 11 13 15 17 19 <1221883980> -1 2 4 5 7 9 11 13 15 17 19 <1221884880> -1 2 4 5 7 9 11 13 15 17 19 <1221888120> -1 2 4 5 7 9 11 13 15 17 19 <1221888300> -1 2 4 5 7 9 11 13 15 17 19 <1221888840> -1 2 4 5 7 9 11 13 15 17 19 <1221890880> -1 2 4 5 7 9 11 13 15 17 19 <1221895260> -1 2 4 5 7 9 11 13 15 17 19 <1221898440> -1 2 4 5 7 9 11 13 15 17 19 <1221907860> -1 2 4 5 7 9 11 13 15 17 19 <1221909480> -1 2 4 5 7 9 11 13 15 17 19 <1221913200> -1 2 4 5 7 9 11 13 15 17 19 <1221913560> -1 2 4 5 7 9 11 13 15 17 19 <1221913620> -1 2 4 5 7 9 11 13 15 17 19 <1221914160> -1 2 4 5 7 9 11 13 15 17 19 <1221915420> -1 2 4 5 7 9 11 13 15 17 19 <1221919200> -1 2 4 5 7 9 11 13 15 17 19 <1221919560> -1 2 4 5 7 9 11 13 15 17 19 <1221921720> -1 2 4 5 7 9 11 13 15 17 19 <1221922200> -1 2 4 5 7 9 11 13 15 17 19 <1221922380> -1 2 4 5 7 9 11 13 15 17 19 <1221922920> -1 2 4 5 7 9 11 13 15 17 19 <1221923940> -1 2 4 5 7 9 11 13 15 17 19 <1221925020> -1 2 4 5 7 9 11 13 15 17 19 <1221925560> -1 2 4 5 7 9 11 13 15 17 19 <1221928980> -1 2 4 5 7 9 11 13 15 17 19 <1221929040> -1 2 4 5 7 9 11 13 15 17 19 <1221931560> -1 2 4 5 7 9 11 13 15 17 19 <1221931740> -1 2 4 5 7 9 11 13 15 17 19 <1221933780> -1 2 4 5 7 9 11 13 15 17 19 <1221934860> -1 2 4 5 7 9 11 13 15 17 19 <1221936960> -1 2 4 5 7 9 11 13 15 17 19 <1221938040> -1 2 4 5 7 9 11 13 15 17 19 <1221938460> -1 2 4 5 7 9 11 13 15 17 19 <1221953640> -1 2 4 5 7 9 11 13 15 17 19 <1221958080> -1 2 4 5 7 9 11 13 15 17 19 <1221959160> -1 2 4 5 7 9 11 13 15 17 19 <1221962820> -1 2 4 5 7 9 11 13 15 17 19 <1221966240> -1 2 4 5 7 9 11 13 15 17 19 <1221968820> -1 2 4 5 7 9 11 13 15 17 19 <1221970620> -1 2 4 5 7 9 11 13 15 17 19 <1221972540> -1 2 4 5 7 9 11 13 15 17 19 <1221982200> -1 2 4 5 7 9 11 13 15 17 19 <1221983700> -1 2 4 5 7 9 11 13 15 17 19 <1221985320> -1 2 4 5 7 9 11 13 15 17 19 <1221986940> -1 2 4 5 7 9 11 13 15 17 19 <1221988560> -1 2 4 5 7 9 11 13 15 17 19 <1221989460> -1 2 4 5 7 9 11 13 15 17 19 <1221991620> -1 2 4 5 7 9 11 13 15 17 19 <1221994140> -1 2 4 5 7 9 11 13 15 17 19 <1221996780> -1 2 4 5 7 9 11 13 15 17 19 <1221998640> -1 2 4 5 7 9 11 13 15 17 19 <1222007400> -1 2 4 5 7 9 11 13 15 17 19 <1222007460> -1 2 4 5 7 9 11 13 15 17 19 <1222007580> -1 2 4 5 7 9 11 13 15 17 19 <1222010100> -1 2 4 5 7 9 11 13 15 17 19 <1222010760> -1 2 4 5 7 9 11 13 15 17 19 <1222011240> -1 2 4 5 7 9 11 13 15 17 19 <1222015380> -1 2 4 5 7 9 11 13 15 17 19 <1222017960> -1 2 4 5 7 9 11 13 15 17 19 <1222018200> -1 2 4 5 7 9 11 13 15 17 19 <1222020720> -1 2 4 5 7 9 11 13 15 17 19 <1222024740> -1 2 4 5 7 9 11 13 15 17 19 <1222029300> -1 2 4 5 7 9 11 13 15 17 19 <1222034040> -1 2 4 5 7 9 11 13 15 17 19 <1222034520> -1 2 4 5 7 9 11 13 15 17 19 <1222042320> -1 2 4 5 7 9 11 13 15 17 19 <1222043280> -1 2 4 5 7 9 11 13 15 17 19 <1222044420> -1 2 4 5 7 9 11 13 15 17 19 <1222047780> -1 2 4 5 7 9 11 13 15 17 19 <1222055460> -1 2 4 5 7 9 11 13 15 17 19 <1222063500> -1 2 4 5 7 9 11 13 15 17 19 <1222067520> -1 2 4 5 7 10 11 13 15 17 19 <1222080180> -1 2 4 5 7 9 11 13 15 17 19 <1222084200> -1 2 4 5 7 9 11 13 15 17 19 <1222085460> -1 2 4 5 7 9 11 13 15 17 19 <1222087500> -1 2 4 5 7 9 11 13 15 17 19 <1222088580> -1 2 4 5 7 9 11 13 15 17 19 <1222093440> -1 2 4 5 7 9 11 13 15 17 19 <1222093620> -1 2 4 5 7 9 11 13 15 17 19 <1222094160> -1 2 4 5 7 9 11 13 15 17 19 <1222100700> -1 1 4 5 7 9 11 13 15 17 19 <1222119000> -1 2 4 5 7 9 11 13 15 17 19 <1222119060> -1 2 4 5 7 9 11 13 15 17 19 <1222121700> -1 2 4 5 7 9 11 13 15 17 19 <1222121820> -1 2 4 5 7 9 11 13 15 17 19 <1222124460> -1 2 4 5 7 9 11 13 15 17 19 <1222125000> -1 2 4 5 7 9 11 13 15 17 19 <1222131420> -1 2 4 5 7 9 11 13 15 17 19 <1222152240> -1 2 4 5 7 9 11 13 15 17 19 <1222152240> -1 2 4 5 7 10 11 13 15 17 19 <1222152720> -1 2 4 5 7 9 11 13 15 17 19 <1222156680> -1 2 4 5 7 9 11 13 15 17 19 <1222157460> -1 2 4 5 7 9 11 13 15 17 19 <1222162980> -1 2 4 5 7 10 11 13 15 17 19 <1222168440> -1 0 -1 -2
1 4 5 7 10 11 13 15 17 19 <1222170120> -1 1 4 5 7 10 11 13 15 17 19 <1222170180> -1 1 4 5 7 10 11 13 15 17 19 <1222172940> -1 2 4 5 7 9 11 13 15 17 19 <1222173060> -1 2 4 5 7 9 11 13 15 17 19 <1222173960> -1 1 4 5 7 10 11 13 15 17 19 <1222177020> -1 2 4 5 7 10 11 13 15 17 19 <1222183380> -1 1 4 5 7 10 11 13 15 17 19 <1222183980> -1 2 4 5 7 10 11 13 15 17 19 <1222185480> -1 2 4 5 7 9 11 13 15 17 19 <1222193400> -1 2 4 5 7 9 11 13 15 17 19 <1222194960> -1 2 4 5 7 9 11 13 15 17 19 <1222196160> -1 2 4 5 7 9 11 13 15 17 19 <1222201080> -1 2 4 5 7 9 11 13 15 17 19 <1222203540> -1 2 4 5 7 9 11 13 15 17 19 <1222205160> -1 1 4 5 7 9 11 13 15 17 19 <1222208700> -1 2 4 5 7 10 11 13 15 17 19 <1222222740> -1 2 4 5 7 9 11 13 15 17 19 <1222224240> -1 2 4 5 7 9 11 13 15 17 19 <1222227120> -1 2 4 5 7 10 11 13 15 17 19 <1222227600> -1 2 4 5 7 10 11 13 15 17 19 <1222233180> -1 2 4 5 7 9 11 13 15 17 19 <1222233720> -1 2 4 5 7 9 11 13 15 17 19 <1222236780> -1 2 4 5 7 9 11 13 15 17 19 <1222236840> -1 1 4 5 7 9 11 13 15 17 19 <1222240980> -1 2 4 5 7 9 11 13 15 17 19 <1222251000> -1 2 4 5 7 10 11 13 15 17 19 <1222253580> -1 2 4 5 7 9 11 13 15 17 19 <1222253940> -1 2 3 5 7 9 11 13 15 17 19 <1222256820> -1 2 4 5 7 10 11 13 15 17 19 <1222257840> -1 2 4 5 7 9 11 13 15 17 19 <1222259700> -1 2 4 5 7 9 11 13 15 17 19 <1222261260> -1 2 4 5 7 10 11 13 15 17 19 <1222268700> -1 0 -1 -2
2 4 5 7 10 11 13 15 17 19 <1222270740> -1 1 4 5 7 9 11 13 15 17 19 <1222270920> -1 2 4 5 7 9 11 13 15 17 19 <1222270980> -1 1 4 5 7 9 11 13 15 17 19 <1222273560> -1 2 4 5 7 9 11 13 15 17 19 <1222278840> -1 2 4 5 7 9 11 13 15 17 19 <1222279500> -1 2 4 5 7 9 11 13 15 17 19 <1222304700> -1 1 4 5 7 9 11 13 15 17 19 <1222308180> -1 1 4 5 7 9 11 13 15 17 19 <1222323660> -1 2 4 5 7 9 11 13 15 17 19 <1222326720> -1 1 4 5 7 9 11 13 15 17 19 <1222329480> -1 1 3 5 7 9 11 13 15 17 19 <1222332300> -1 1 4 5 7 9 11 13 15 17 19 <1222335060> -1 2 4 5 7 9 11 13 15 17 19 <1222338180> -1 1 4 5 7 9 11 13 15 17 19 <1222340880> -1 1 4 5 7 9 11 13 15 17 19 <1222340940> -1 1 4 5 7 9 11 13 15 17 19 <1222343700> -1 1 4 5 7 9 11 13 15 17 19 <1222350120> -1 1 4 5 7 9 11 13 15 17 19 <1222351680> -1 2 4 5 7 9 11 13 15 17 19 <1222352880> -1 1 4 5 7 9 11 13 15 17 19 <1222355520> -1 2 4 5 7 9 11 13 15 17 19 <1222357200> -1 1 4 5 7 9 11 13 15 17 19 <1222358100> -1 1 4 5 7 9 11 13 15 17 19 <1222361040> -1 2 4 5 7 9 11 13 15 17 19 <1222363680> -1 1 4 5 7 9 11 13 15 17 19 <1222363740> -1 1 4 5 7 9 11 13 15 17 19 <1222372140> -1 2 4 5 7 9 11 13 15 17 19 <1222380300> -1 2 4 5 7 9 11 13 15 17 19 <1222383840> -1 1 4 5 7 9 11 13 15 17 19 <1222386480> -1 1 4 5 7 9 11 13 15 17 19 <1222388340> -1 1 4 5 7 9 11 13 15 17 19 <1222392060> -1 1 4 5 7 9 11 13 15 17 19 <1222395960> -1 1 4 5 7 9 11 13 15 17 19 <1222398720> -1 2 4 5 7 9 11 13 15 17 19 <1222399740> -1 1 4 5 7 9 11 13 15 17 19 <1222402440> -1 1 4 5 7 9 11 13 15 17 19 <1222407120> -1 1 4 5 7 9 11 13 15 17 19 <1222427280> -1 1 4 5 7 9 11 13 15 17 19 <1222436160> -1 1 4 5 7 9 11 13 15 17 19 <1222436700> -1 2 4 5 7 9 11 13 15 17 19 <1222438800> -1 2 4 5 7 9 11 13 15 17 19 <1222440660> -1 1 4 5 7 9 11 13 15 17 19 <1222441560> -1 1 4 5 7 9 11 13 15 17 19 <1222443360> -1 1 4 5 7 9 11 13 15 17 19 <1222444140> -1 1 4 5 7 9 11 13 15 17 19 <1222446660> -1 2 4 5 7 9 11 13 15 17 19 <1222451940> -1 1 4 5 7 9 11 14 15 17 19 <1222455240> -1 1 4 5 7 9 11 13 15 17 19 <1222457880> -1 2 4 5 7 9 11 13 15 17 19 <1222458300> -1 2 4 5 7 9 11 13 15 17 19 <1222458900> -1 1 4 5 7 9 11 13 15 17 19 <1222460580> -1 1 4 5 7 9 11 13 15 17 19 <1222461060> -1 1 4 5 7 9 11 13 15 17 19 <1222474560> -1 2 4 5 7 9 11 13 15 17 19 <1222474620> -1 2 4 5 7 9 11 13 15 17 19 <1222478940> -1 1 4 5 7 9 11 13 15 17 19 <1222487580> -1 2 4 5 7 9 11 13 15 17 19 <1222510200> -1 1 4 5 7 9 11 13 15 17 19 <1222510380> -1 1 4 5 7 9 11 13 15 17 19 <1222513440> -1 2 4 5 7 9 11 13 15 17 19 <1222515900> -1 1 4 5 7 9 11 13 15 17 19 <1222516440> -1 1 4 5 7 9 11 13 15 17 19 <1222518360> -1 1 4 5 7 9 11 13 15 17 19 <1222518480> -1 1 4 5 7 9 11 13 15 17 19 <1222518960> -1 1 4 5 7 9 11 13 15 17 19 <1222521240> -1 1 4 5 7 9 11 13 15 17 19 <1222521540> -1 2 4 5 7 9 11 13 15 17 19 <1222524060> -1 1 4 5 7 9 11 13 15 17 19 <1222524300> -1 2 4 5 7 9 11 13 15 17 19 <1222526760> -1 2 4 5 7 9 11 13 15 17 19 <1222528140> -1 1 4 5 7 9 11 13 15 17 19 <1222529400> -1 1 4 5 7 9 11 14 15 17 19 <1222531980> -1 1 4 5 7 9 11 13 15 17 19 <1222536360> -1 1 4 5 7 9 11 13 15 17 19 <1222539240> -1 2 4 5 7 9 11 13 15 17 19 <1222542960> -1 2 4 5 7 9 11 13 15 17 19 <1222548360> -1 2 4 5 7 9 11 13 15 17 19 <1222551900> -1 2 4 5 7 9 11 13 15 17 19 <1222563060> -1 1 4 5 7 9 11 13 15 17 19 <1222564920> -1 1 4 5 7 9 11 13 15 17 19 <1222574100> -1 1 4 5 7 9 11 13 15 17 19 <1222577100> -1 0 -1 -2
2 4 5 7 9 11 13 15 17 19 <1222579860> -1 1 4 5 7 9 11 13 15 17 19 <1222582920> -1 2 4 5 7 9 11 13 15 17 19 <1222587480> -1 1 4 5 7 9 11 13 15 17 19 <1222588320> -1 1 4 5 7 10 11 13 15 17 19 <1222591200> -1 1 4 5 7 9 11 13 15 17 19 <1222591260> -1 1 4 5 7 9 11 13 15 17 19 <1222595400> -1 0 -1 -2
1 4 5 7 9 11 13 15 17 19 <1222621500> -1 1 4 5 7 9 11 13 15 17 19 <1222621560> -1 1 4 5 7 9 11 13 15 17 19 <1222624140> -1 1 4 5 7 9 11 13 15 17 19 <1222624500> -1 1 4 5 7 9 11 13 15 17 19 <1222626840> -1 2 4 5 7 10 11 13 15 17 19 <1222627380> -1 1 4 5 7 10 11 13 15 17 19 <1222629480> -1 1 4 5 7 9 11 13 15 17 19 <1222630140> -1 1 4 5 7 9 11 13 15 17 19 <1222632120> -1 1 4 5 7 9 11 13 15 17 19 <1222634520> -1 1 4 5 7 9 11 13 15 17 19 <1222636080> -1 1 4 5 7 9 11 13 15 17 19 <1222637220> -1 2 4 5 7 9 11 13 15 17 19 <1222641840> -1 1 4 5 7 9 11 13 15 17 19 <1222646040> -1 1 4 5 7 9 11 13 15 17 19 <1222653960> -1 1 4 5 7 9 11 13 15 17 19 <1222657620> -1 1 4 5 7 9 11 13 15 17 19 <1222660200> -1 1 4 5 7 10 11 13 15 17 19 <1222661880> -1 1 4 5 7 9 11 13 15 17 19 <1222663620> -1 1 4 5 7 9 11 13 15 17 19 <1222666320> -1 1 4 5 7 9 11 13 15 17 19 <1222674780> -1 2 4 5 7 9 11 13 15 17 19 <1222679700> -1 1 4 5 7 10 11 13 15 17 19 <1222686780> -1 1 4 5 7 9 11 13 15 17 19 <1222689180> -1 1 3 5 7 9 11 13 15 17 19 <1222691100> -1 2 4 5 7 9 11 13 15 17 19 <1222696980> -1 1 4 5 7 9 11 13 15 17 19 <1222697040> -1 2 4 5 7 9 11 13 15 17 19 <1222697280> -1 1 4 5 7 9 11 13 15 17 19 <1222700940> -1 1 4 5 7 9 11 13 15 17 19 <1222701360> -1 2 4 5 7 9 11 13 15 17 19 <1222705620> -1 1 4 5 7 9 11 13 15 17 19 <1222708860> -1 2 4 5 7 9 11 14 15 17 19 <1222723560> -1 2 4 5 7 9 11 13 15 17 19 <1222724880> -1 0 -1 -2
2 4 5 7 9 11 13 15 17 19 <1222726380> -1 1 4 5 7 9 11 13 15 17 19 <1222738380> -1 2 4 5 7 9 11 13 15 17 19 <1222738560> -1 2 4 5 7 9 11 13 15 17 19 <1222742640> -1 0 -1 -2
2 4 5 7 10 11 13 15 17 19 <1222747260> -1 2 4 5 7 9 11 13 15 17 19 <1222749720> -1 2 4 5 7 10 11 13 15 17 19 <1222764240> -1 2 4 5 7 9 11 13 15 17 19 <1222777860> -1 2 4 5 7 9 11 13 15 17 19 <1222781340> -1 2 4 5 7 9 11 13 15 17 19 <1222784400> -1 2 4 5 7 9 11 13 15 17 19 <1222785360> -1 1 4 5 7 9 11 13 15 17 19 <1222787760> -1 1 4 5 7 9 11 13 15 17 19 <1222788360> -1 2 4 5 7 9 11 13 15 17 19 <1222791180> -1 1 4 5 7 10 11 13 15 17 19 <1222793400> -1 1 4 5 7 9 11 13 15 17 19 <1222795620> -1 1 4 5 7 10 11 13 15 17 19 <1222802220> -1 1 4 5 7 9 11 13 15 17 19 <1222802220> -1 2 4 5 7 9 11 13 15 17 19 <1222810740> -1 2 4 5 7 9 11 13 15 17 19 <1222810920> -1 2 4 5 7 9 11 13 15 17 19 <1222817640> -1 2 4 5 7 9 11 13 15 17 19 <1222819080> -1 2 4 5 7 10 11 14 15 17 19 <1223424540> -1 2 4 5 7 10 11 13 15 17 19 <1223426760> -1 1 4 5 7 10 11 14 15 17 19 <1223445600> -1 0 -1 -2
2 4 5 7 10 11 13 15 17 19 <1223448060> -1 1 4 5 7 10 11 13 15 17 19 <1223449260> -1 0 -1 -2
2 4 5 7 10 11 14 15 17 19 <1223464560> -1 2 4 5 7 10 11 14 15 17 19 <1223466540> -1 2 4 5 7 10 11 13 15 17 19 <1223468520> -1 2 4 5 7 10 11 13 15 17 19 <1223481540> -1 0 -1 -2
1 4 5 7 10 11 14 15 17 19 <1223492820> -1 2 4 5 7 10 11 13 15 17 19 <1223496420> -1 0 -1 -2
2 4 5 7 10 11 13 15 17 19 <1223504760> -1 0 -1 -2
2 4 5 7 10 11 13 15 17 19 <1223537160> -1 2 4 5 7 10 11 13 15 17 19 <1223544060> -1 2 4 5 7 10 11 13 15 17 19 <1223585520> -1 2 4 5 7 10 11 13 15 17 19 <1223585580> -1 2 4 5 7 10 11 13 15 17 19 <1223589360> -1 2 4 5 7 10 11 13 15 17 19 <1223595000> -1 1 4 5 7 10 11 13 15 17 19 <1223595780> -1 2 4 5 7 10 11 13 15 17 19 <1223633100> -1 2 4 5 7 10 11 13 15 17 19 <1223635560> -1 2 4 5 7 10 11 13 15 17 19 <1223635980> -1 2 4 5 7 10 11 13 15 17 19 <1223641800> -1 2 4 5 7 10 11 13 15 17 19 <1223652780> -1 1 4 5 7 10 11 13 15 17 19 <1223653800> -1 2 4 5 7 10 11 13 15 17 19 <1223668920> -1 2 4 5 7 10 11 13 15 17 19 <1223672580> -1 1 4 5 7 9 11 13 15 17 19 <1223672820> -1 2 4 5 7 10 11 13 15 17 19 <1223673360> -1 2 4 5 7 10 11 13 15 17 19 <1223868840> -1 2 4 5 7 10 11 13 15 17 19 <1223869980> -1 2 4 5 7 9 11 13 15 17 19 <1223897220> -1 2 4 5 7 10 11 13 15 17 19 <1223900280> -1 1 4 5 7 9 11 13 15 17 19 <1223906760> -1 2 4 5 7 9 11 13 15 17 19 <1223908140> -1 2 4 5 7 9 11 13 15 17 19 <1223908200> -1 2 4 5 7 9 11 13 15 17 19 <1223909700> -1 2 4 5 7 9 11 13 15 17 19 <1223912520> -1 2 4 5 7 9 11 13 15 17 19 <1223912520> -1 2 4 5 7 9 11 13 15 17 19 <1223914380> -1 2 4 5 7 9 11 13 15 17 19 <1223925420> -1 2 4 5 7 9 11 13 15 17 19 <1223926560> -1 2 4 5 7 9 11 13 15 17 19 <1223926800> -1 1 4 5 7 9 11 13 15 17 19 <1223928600> -1 1 4 5 7 9 11 13 16 17 19 <1223929800> -1 2 4 5 7 9 11 13 15 17 19 <1223931180> -1 2 4 5 7 9 11 13 15 17 19 <1223932800> -1 1 4 5 7 9 11 13 15 17 19 <1223934420> -1 2 4 5 7 9 11 13 15 17 19 <1223935020> -1 1 4 5 7 9 11 13 15 17 19 <1223938080> -1 2 4 5 7 9 11 13 15 17 19 <1223938440> -1 2 4 5 7 10 11 13 15 17 19 <1223944500> -1 2 4 5 7 9 11 13 15 17 19 <1223954460> -1 1 4 5 7 9 11 13 15 17 19 <1223954880> -1 2 4 5 7 9 11 13 15 17 19 <1223955300> -1 2 4 5 7 9 11 13 15 17 19 <1223989980> -1 2 4 5 7 9 11 13 15 17 19 <1223990160> -1 2 4 5 7 9 11 13 15 17 19 <1223993220> -1 2 4 5 7 9 11 13 15 17 19 <1223993700> -1 2 4 5 7 9 11 13 15 17 19 <1223995380> -1 2 4 5 7 10 11 13 15 17 19 <1224005760> -1 2 4 5 7 10 11 13 15 17 19 <1224011700> -1 2 4 5 7 9 11 13 15 17 19 <1224014460> -1 2 4 5 7 10 11 13 15 17 19 <1224016200> -1 2 4 5 7 10 11 13 15 17 19 <1224017280> -1 2 3 5 7 10 11 13 15 17 19 <1224020160> -1 2 4 5 7 10 11 13 15 17 19 <1224025620> -1 2 4 5 7 9 11 13 15 17 19 <1224028980> -1 1 4 5 7 9 11 13 15 17 19 <1224030420> -1 2 4 5 7 10 11 13 15 17 19 <1224031620> -1 1 4 5 7 10 11 13 15 17 19 <1224035520> -1 2 4 5 7 9 11 13 15 17 19 <1224035520> -1 2 4 5 7 10 11 13 15 17 19 <1224035520> -1 2 4 5 7 10 11 13 15 17 19 <1224038400> -1 2 4 5 7 10 11 13 15 17 19 <1224038400> -1 2 4 5 7 10 11 13 15 17 19 <1224038520> -1 0 -1 -2
2 4 5 7 10 11 13 15 17 19 <1224041040> -1 2 4 5 7 9 11 13 15 17 19 <1224043680> -1 2 4 5 7 10 11 13 15 17 19 <1224047580> -1 1 4 5 7 10 11 13 15 17 19 <1224047760> -1 1 4 5 7 9 11 13 15 17 19 <1224053340> -1 2 4 5 7 9 11 13 16 17 19 <1224056160> -1 2 4 5 7 9 11 13 15 17 19 <1224057300> -1 2 4 5 7 9 11 13 15 17 19 <1224058860> -1 2 4 5 7 10 11 13 15 17 19 <1224061860> -1 1 4 5 7 9 11 13 15 17 19 <1224064800> -1 2 4 5 7 9 11 13 15 17 19 <1224075180> -1 2 4 5 7 10 11 13 15 17 19 <1224076440> -1 2 3 5 7 10 11 13 15 17 19 <1224076560> -1 2 4 5 7 9 11 13 15 17 19 <1224079680> -1 2 4 5 7 9 11 13 15 17 19 <1224083460> -1 1 4 5 7 9 11 13 15 17 19 <1224087840> -1 2 4 5 7 9 11 13 15 17 19 <1224091140> -1 2 4 5 7 10 11 13 15 17 19 <1224094560> -1 2 4 5 7 9 11 13 15 17 19 <1224098100> -1 1 4 5 7 9 11 13 15 17 19 <1224098640> -1 2 4 5 7 9 11 13 15 17 19 <1224107040> -1 2 3 5 7 9 11 13 15 17 19 <1224110700> -1 2 4 5 7 10 11 13 15 17 19 <1224111240> -1 2 4 5 7 10 11 13 15 17 19 <1224111600> -1 2 4 5 7 10 11 13 15 17 19 <1224114300> -1 1 4 5 7 10 11 13 15 17 19 <1224123360> -1 2 4 5 7 10 11 13 15 17 19 <1224123360> -1 2 4 5 7 10 11 13 15 17 19 <1224123420> -1 1 4 5 7 10 11 13 15 17 19 <1224123720> -1 1 3 5 7 9 11 13 15 17 19 <1224125700> -1 2 4 5 7 10 11 13 15 17 19 <1224129360> -1 2 4 5 7 10 11 13 15 17 19 <1224129720> -1 2 4 5 7 10 11 13 15 17 19 <1224129720> -1 2 4 5 7 10 11 13 15 17 19 <1224129840> -1 2 4 5 7 10 11 13 15 17 19 <1224132420> -1 1 4 5 7 10 11 13 15 17 19 <1224132600> -1 2 4 5 7 10 11 13 15 17 19 <1224132840> -1 2 4 5 7 10 11 13 15 17 19 <1224133680> -1 2 4 5 7 9 11 13 15 17 19 <1224133980> -1 2 4 5 7 9 11 13 15 17 19 <1224135840> -1 2 4 5 7 9 11 13 15 17 19 <1224136680> -1 1 4 5 7 10 11 13 15 17 19 <1224169320> -1 1 4 5 7 10 11 13 15 17 19 <1224169980> -1 1 4 5 7 10 11 13 15 17 19 <1224190140> -1 2 4 5 7 10 11 13 15 17 19 <1224221160> -1 2 4 5 7 9 11 13 15 17 19 <1224223260> -1 2 4 5 7 10 11 13 15 17 19 <1224223620> -1 2 4 5 7 10 11 14 15 17 19 <1226113560> -1 2 4 5 7 10 11 14 15 17 19 <1226117340> -1 2 4 5 7 10 11 14 15 17 19 <1226121300> -1 2 4 5 7 10 11 13 15 17 19 <1226144100> -1 2 4 5 7 10 11 14 15 17 19 <1226147880> -1 2 4 5 7 10 11 13 15 17 19 <1226189820> -1 2 4 5 7 10 11 13 15 17 19 <1226208000> -1 2 4 5 7 10 11 13 15 17 19 <1226210640> -1 1 4 5 7 10 11 13 15 17 19 <1226216580> -1 2 4 5 7 10 11 13 15 17 19 <1226217960> -1 2 4 5 7 10 11 13 15 17 19 <1226221080> -1 2 4 5 7 10 11 13 15 17 19 <1226222640> -1 2 4 5 7 10 11 13 15 17 19 <1226234820> -1 2 4 5 7 10 11 13 15 17 19 <1226237760> -1 2 4 5 7 10 11 13 15 17 19 <1226240400> -1 2 4 5 7 10 11 13 15 17 19 <1226240640> -1 2 4 5 7 10 11 13 15 17 19 <1226241060> -1 2 4 5 7 10 11 13 15 17 19 <1226243100> -1 2 4 5 7 10 11 13 15 17 19 <1226243280> -1 2 4 5 7 10 11 13 15 17 19 <1226248080> -1 2 4 5 7 10 11 13 15 17 19 <1226265180> -1 1 4 5 7 10 11 13 15 17 19 <1226268420> -1 0 -1 -2
2 4 5 7 10 11 13 15 17 19 <1226272200> -1 1 4 5 7 10 11 13 15 17 19 <1226274480> -1 0 -1 -2
