%pignistic probability of the highest cluster, and the to which cluster the pignistic probability belongs to (1-High, 2-Medium, 3-Low).  
   3.9590500e-01   3.0000000e+00
   3.9501159e-01   2.0000000e+00
   3.5074881e-01   1.0000000e+00
   9.4642288e-01   1.0000000e+00
   3.3502308e-01   3.0000000e+00
   7.4701456e-01   2.0000000e+00
   4.8404762e-01   2.0000000e+00
   9.7800560e-01   3.0000000e+00
   4.0275449e-01   2.0000000e+00
   5.0647995e-01   2.0000000e+00
   4.4464133e-01   1.0000000e+00
   6.7204958e-01   2.0000000e+00
   4.4964751e-01   1.0000000e+00
   9.5243527e-01   2.0000000e+00
   4.2885280e-01   1.0000000e+00
   6.3458381e-01   2.0000000e+00
   4.2192648e-01   2.0000000e+00
   4.1129694e-01   2.0000000e+00
   7.1050073e-01   2.0000000e+00
   4.7318879e-01   1.0000000e+00
   4.9694374e-01   2.0000000e+00
   4.2962246e-01   2.0000000e+00
   9.3403709e-01   1.0000000e+00
   7.8175528e-01   3.0000000e+00
   6.6642763e-01   1.0000000e+00
   6.7293829e-01   2.0000000e+00
   5.0324596e-01   2.0000000e+00
   3.8962509e-01   3.0000000e+00
   4.2366005e-01   1.0000000e+00
   3.4564819e-01   2.0000000e+00
   4.0357748e-01   2.0000000e+00
   5.6919451e-01   3.0000000e+00
   5.0694382e-01   3.0000000e+00
   3.5132235e-01   1.0000000e+00
   7.4201903e-01   1.0000000e+00
   5.7900533e-01   2.0000000e+00
   4.3200772e-01   2.0000000e+00
   8.0807397e-01   2.0000000e+00
   4.7152849e-01   1.0000000e+00
   8.1029731e-01   2.0000000e+00
   4.3115775e-01   2.0000000e+00
   4.2835153e-01   2.0000000e+00
   9.6338112e-01   2.0000000e+00
   3.8188493e-01   2.0000000e+00
   4.5367258e-01   2.0000000e+00
   4.3189848e-01   1.0000000e+00
   3.6533066e-01   2.0000000e+00
   4.3009787e-01   2.0000000e+00
   9.5938461e-01   2.0000000e+00
   5.6976845e-01   2.0000000e+00
   6.9945490e-01   2.0000000e+00
   3.5060561e-01   2.0000000e+00
   4.5655296e-01   2.0000000e+00
   3.3340106e-01   1.0000000e+00
   5.3826166e-01   2.0000000e+00
   3.4580466e-01   2.0000000e+00
   3.6258706e-01   2.0000000e+00
   4.7452328e-01   2.0000000e+00
   5.6617248e-01   2.0000000e+00
   8.1939255e-01   1.0000000e+00
   4.6461665e-01   2.0000000e+00
   4.6352459e-01   1.0000000e+00
   7.3906122e-01   1.0000000e+00
   4.1370239e-01   1.0000000e+00
   6.7094697e-01   1.0000000e+00
   4.8774694e-01   2.0000000e+00
   8.2191631e-01   1.0000000e+00
   3.8867053e-01   1.0000000e+00
   5.3805180e-01   2.0000000e+00
   5.7653556e-01   2.0000000e+00
   8.1494727e-01   2.0000000e+00
   4.1197395e-01   2.0000000e+00
   7.9046171e-01   1.0000000e+00
   4.4679950e-01   1.0000000e+00
   5.5565181e-01   2.0000000e+00
   6.1715913e-01   1.0000000e+00
   4.9089620e-01   2.0000000e+00
   4.2010201e-01   1.0000000e+00
   7.5611675e-01   3.0000000e+00
   8.3266919e-01   2.0000000e+00
   4.2495057e-01   2.0000000e+00
   8.2983836e-01   1.0000000e+00
   5.1148682e-01   2.0000000e+00
   4.2135011e-01   3.0000000e+00
   8.5707972e-01   2.0000000e+00
