   %First column: Time to failure
   %Second column: Estimated maintenance cost
   %Third column: Chronicle support.
   1.3800000e+01   5.3950119e+00   7.8200000e-02
   1.2840000e+01   5.3079755e+01   4.4270000e-01
   1.0980000e+01   7.7916723e+01   1.0670000e-01
   1.0500000e+01   9.3401068e+01   9.6190000e-01
   1.4640000e+01   1.2990621e+01   4.6000000e-03
   2.2800000e+00   5.6882366e+01   7.7490000e-01
   1.0200000e+00   4.6939064e+01   8.1730000e-01
   2.2380000e+01   1.1902070e+00   8.6870000e-01
   1.5600000e+00   3.3712264e+01   8.4400000e-02
   4.3200000e+00   1.6218231e+01   3.9980000e-01
   3.0600000e+00   7.9428454e+01   2.5990000e-01
   9.9000000e+00   3.1121504e+01   8.0010000e-01
   3.3600000e+00   5.2853314e+01   4.3140000e-01
   1.3200000e+00   1.6564873e+01   9.1060000e-01
   8.2800000e+00   6.0198194e+01   1.8180000e-01
   1.1400000e+00   2.6297128e+01   2.6380000e-01
   1.8000000e+00   6.5407910e+01   1.4550000e-01
   1.8000000e+00   6.8921450e+01   1.3610000e-01
   1.8000000e+00   7.4815159e+01   8.6930000e-01
   2.7000000e+00   4.5054160e+01   5.7970000e-01
   1.3200000e+00   8.3821378e+00   5.4990000e-01
   1.2720000e+01   2.2897697e+01   1.4500000e-01
   8.4600000e+00   9.1333736e+01   8.5300000e-01
   2.3700000e+01   1.5237802e+01   6.2210000e-01
   7.4400000e+00   8.2581698e+01   3.5100000e-01
   4.8000000e-01   5.3834244e+01   5.1320000e-01
   1.6200000e+00   9.9613472e+01   4.0180000e-01
   1.1460000e+01   7.8175529e+00   7.6000000e-02
   4.6800000e+00   4.4267827e+01   2.3990000e-01
   3.7800000e+00   1.0665277e+01   1.2330000e-01
   1.8000000e-01   9.6189808e+01   1.8390000e-01
   2.4900000e+01   4.6342241e-01   2.4000000e-01
   2.1660000e+01   7.7491046e+01   4.1730000e-01
   2.5800000e+00   8.1730322e+01   4.9700000e-02
   2.1000000e+00   8.6869471e+01   9.0270000e-01
   3.7800000e+00   8.4435846e+00   9.4480000e-01
   3.2400000e+00   3.9978265e+01   4.9090000e-01
   1.8000000e+00   2.5987040e+01   4.8930000e-01
   1.0140000e+01   8.0006848e+01   3.3770000e-01
   1.2000000e-01   4.3141383e+01   9.0010000e-01
   9.0000000e-01   9.1064759e+01   3.6920000e-01
   8.4000000e-01   1.8184703e+01   1.1120000e-01
   7.2000000e-01   2.6380292e+01   7.8030000e-01
   5.2800000e+00   1.4553898e+01   3.8970000e-01
   2.7000000e+00   1.3606856e+01   2.4170000e-01
   1.5000000e+00   8.6929221e+01   4.0390000e-01
   3.3000000e+00   5.7970459e+01   9.6500000e-02
   1.7400000e+00   5.4986020e+01   1.3200000e-01
   6.0000000e-02   1.4495480e+01   9.4210000e-01
   1.0200000e+00   8.5303112e+01   9.5610000e-01
   1.6800000e+00   6.2205513e+01   5.7520000e-01
   1.2000000e+01   3.5095238e+01   5.9800000e-02
   1.1400000e+00   5.1324954e+01   2.3480000e-01
   1.0140000e+01   4.0180803e+01   3.5320000e-01
   1.1400000e+00   7.5966692e+00   8.2120000e-01
   4.1400000e+00   2.3991615e+01   1.5400000e-02
   3.0000000e-01   1.2331893e+01   4.3000000e-02
   4.8000000e-01   1.8390779e+01   1.6900000e-01
   7.9800000e+00   2.3995253e+01   6.4910000e-01
   6.5400000e+00   4.1726707e+01   7.3170000e-01
   1.3800000e+00   4.9654430e+00   6.4770000e-01
   1.1460000e+01   9.0271611e+01   4.5090000e-01
   8.4000000e+00   9.4478719e+01   5.4700000e-01
   1.5060000e+01   4.9086409e+01   2.9630000e-01
   3.0600000e+00   4.8925264e+01   7.4470000e-01
   8.4000000e-01   3.3771941e+01   1.8900000e-01
   1.4520000e+01   9.0005385e+01   6.8680000e-01
   8.5200000e+00   3.6924678e+01   1.8350000e-01
   1.0800000e+00   1.1120276e+01   3.6850000e-01
   1.2000000e-01   7.8025207e+01   6.2560000e-01
   6.0000000e-02   3.8973884e+01   7.8020000e-01
   2.7000000e+00   2.4169129e+01   8.1100000e-02
   5.4600000e+00   4.0391215e+01   9.2940000e-01
   7.4400000e+00   9.6454525e+00   7.7570000e-01
   3.0000000e+00   1.3197329e+01   4.8680000e-01
   4.1400000e+00   9.4205059e+01   4.3590000e-01
   1.3200000e+00   9.5613454e+01   4.4680000e-01
   4.0800000e+00   5.7520860e+01   3.0630000e-01
   1.8840000e+01   5.9779543e+00   5.0850000e-01
   1.2000000e+00   2.3477991e+01   5.1080000e-01
   1.3020000e+01   3.5315857e+01   8.1760000e-01
   3.6000000e+00   8.2119404e+01   7.9480000e-01
   1.2000000e-01   1.5403438e+00   6.4430000e-01
   3.2400000e+00   4.3023802e+00   3.7860000e-01
   2.2800000e+00   1.6899003e+01   8.1160000e-01
